   2.0100000e+01   1.0007000e+03   2.5704900e+01
   1.9810000e+01   9.9989600e+02   2.5230529e+01
   1.9530000e+01   9.9909300e+02   2.4760576e+01
   1.9240000e+01   9.9852900e+02   2.4760576e+01
   1.8950000e+01   9.9823700e+02   2.5190361e+01
   1.8670000e+01   9.9786500e+02   2.5341156e+01
   1.8380000e+01   9.9735900e+02   2.5633969e+01
   1.8090000e+01   9.9686700e+02   2.6071236e+01
   1.7810000e+01   9.9640300e+02   2.6347689e+01
   1.7520000e+01   9.9591300e+02   2.6224641e+01
   1.7280000e+01   9.9542500e+02   2.6265625e+01
   1.7240000e+01   9.9501000e+02   2.6122321e+01
   1.7250000e+01   9.9458300e+02   2.6122321e+01
   1.7240000e+01   9.9409300e+02   2.6409321e+01
   1.7240000e+01   9.9362700e+02   2.6553409e+01
   1.7230000e+01   9.9305500e+02   2.6842761e+01
   1.7230000e+01   9.9249300e+02   2.6988025e+01
   1.7200000e+01   9.9195400e+02   2.6988025e+01
   1.7170000e+01   9.9135900e+02   2.7290176e+01
   1.7000000e+01   9.9071900e+02   2.7019204e+01
   1.6930000e+01   9.9010500e+02   2.6894596e+01
   1.6860000e+01   9.8945500e+02   2.6904969e+01
   1.6870000e+01   9.8877300e+02   2.6904969e+01
   1.6820000e+01   9.8801700e+02   2.6050816e+01
   1.7010000e+01   9.8727300e+02   2.5180324e+01
   1.7040000e+01   9.8646000e+02   2.4502500e+01
   1.7000000e+01   9.8571800e+02   2.3697424e+01
   1.7050000e+01   9.8490400e+02   2.3290276e+01
   1.6920000e+01   9.8408600e+02   2.3309584e+01
   1.6790000e+01   9.8329200e+02   2.3863225e+01
   1.6680000e+01   9.8252700e+02   2.4275329e+01
   1.6640000e+01   9.8177400e+02   2.4413481e+01
   1.6350000e+01   9.8101400e+02   2.5563136e+01
   1.6270000e+01   9.8025600e+02   2.5725184e+01
   1.6500000e+01   9.7955100e+02   2.4581764e+01
   1.6540000e+01   9.7881400e+02   2.4167056e+01
   1.6470000e+01   9.7815500e+02   2.4176889e+01
   1.6420000e+01   9.7749100e+02   2.4186724e+01
   1.6430000e+01   9.7684200e+02   2.4039409e+01
   1.6420000e+01   9.7618700e+02   2.3512801e+01
   1.6490000e+01   9.7559800e+02   2.2848400e+01
   1.6600000e+01   9.7499400e+02   2.2439169e+01
   1.6470000e+01   9.7437200e+02   2.2071204e+01
   1.6720000e+01   9.7380900e+02   2.0766249e+01
   1.6970000e+01   9.7321000e+02   1.9669225e+01
   1.7110000e+01   9.7261600e+02   1.8835600e+01
   1.7210000e+01   9.7207500e+02   1.8258529e+01
   1.7270000e+01   9.7150900e+02   1.7690436e+01
   1.7250000e+01   9.7092700e+02   1.7255716e+01
   1.7320000e+01   9.7034800e+02   1.6916769e+01
   1.7330000e+01   9.6982700e+02   1.6597476e+01
   1.7300000e+01   9.6927600e+02   1.6289296e+01
   1.7270000e+01   9.6876700e+02   1.6184529e+01
   1.7170000e+01   9.6828100e+02   1.5880225e+01
   1.7140000e+01   9.6776100e+02   1.5681600e+01
   1.7150000e+01   9.6728200e+02   1.5476356e+01
   1.7120000e+01   9.6680200e+02   1.5077689e+01
   1.7090000e+01   9.6632200e+02   1.4984641e+01
   1.7060000e+01   9.6583500e+02   1.4884164e+01
   1.7020000e+01   9.6537800e+02   1.4661241e+01
   1.6980000e+01   9.6492200e+02   1.4432401e+01
   1.6940000e+01   9.6441700e+02   1.4212900e+01
   1.6940000e+01   9.6389000e+02   1.3927824e+01
   1.6950000e+01   9.6336500e+02   1.3638249e+01
   1.6920000e+01   9.6284000e+02   1.3366336e+01
   1.6900000e+01   9.6229200e+02   1.3089924e+01
   1.6930000e+01   9.6172100e+02   1.2859396e+01
   1.6970000e+01   9.6116100e+02   1.2630916e+01
   1.6900000e+01   9.6062200e+02   1.2503296e+01
   1.6830000e+01   9.6010200e+02   1.2383361e+01
   1.6830000e+01   9.5955500e+02   1.2166144e+01
   1.6840000e+01   9.5900900e+02   1.1943936e+01
   1.6870000e+01   9.5844400e+02   1.1478544e+01
   1.6900000e+01   9.5789600e+02   1.1015761e+01
   1.7050000e+01   9.5732500e+02   1.0445824e+01
   1.7040000e+01   9.5675300e+02   1.0137856e+01
   1.7100000e+01   9.5620400e+02   9.6721000e+00
   1.7120000e+01   9.5564300e+02   9.4494760e+00
   1.7180000e+01   9.5505700e+02   9.1506250e+00
   1.7210000e+01   9.5444800e+02   9.0781690e+00
   1.7290000e+01   9.5384400e+02   9.0000000e+00
   1.7310000e+01   9.5325400e+02   8.9281440e+00
   1.7330000e+01   9.5264200e+02   8.9281440e+00
   1.7310000e+01   9.5209800e+02   8.8565760e+00
   1.7290000e+01   9.5156200e+02   8.7912250e+00
   1.7190000e+01   9.5105500e+02   8.8625290e+00
   1.7260000e+01   9.5048900e+02   8.7912250e+00
   1.7140000e+01   9.4992200e+02   8.8684840e+00
   1.7170000e+01   9.4938600e+02   8.8625290e+00
   1.7060000e+01   9.4887600e+02   8.8744410e+00
   1.7030000e+01   9.4837300e+02   8.8744410e+00
   1.7110000e+01   9.4785500e+02   8.8030890e+00
   1.7070000e+01   9.4734300e+02   8.8744410e+00
   1.6920000e+01   9.4686000e+02   8.8804000e+00
   1.6890000e+01   9.4637300e+02   8.8149610e+00
   1.6920000e+01   9.4589800e+02   8.8804000e+00
   1.6910000e+01   9.4538900e+02   8.8804000e+00
   1.6890000e+01   9.4493300e+02   8.8804000e+00
   1.6830000e+01   9.4446200e+02   8.9580490e+00
   1.6830000e+01   9.4400600e+02   9.0300250e+00
   1.6830000e+01   9.4353000e+02   8.9580490e+00
   1.6790000e+01   9.4308100e+02   9.0300250e+00
   1.6760000e+01   9.4258800e+02   9.0300250e+00
   1.6690000e+01   9.4212900e+02   9.0360360e+00
   1.6670000e+01   9.4168800e+02   9.0360360e+00
   1.6610000e+01   9.4120000e+02   9.0420490e+00
   1.6560000e+01   9.4069300e+02   9.1204000e+00
   1.6650000e+01   9.4020400e+02   9.1143610e+00
   1.6640000e+01   9.3973900e+02   9.1869610e+00
   1.6560000e+01   9.3928600e+02   9.1204000e+00
   1.6460000e+01   9.3880300e+02   9.2720250e+00
   1.6480000e+01   9.3832900e+02   9.1990890e+00
   1.6530000e+01   9.3785200e+02   9.1930240e+00
   1.6540000e+01   9.3744100e+02   9.1204000e+00
   1.6660000e+01   9.3695100e+02   9.0360360e+00
   1.6650000e+01   9.3648700e+02   9.1143610e+00
   1.6660000e+01   9.3603400e+02   8.9700250e+00
   1.6640000e+01   9.3563500e+02   8.9700250e+00
   1.6530000e+01   9.3522400e+02   8.9042560e+00
   1.6610000e+01   9.3477600e+02   8.9042560e+00
   1.6490000e+01   9.3435800e+02   8.7675210e+00
   1.6470000e+01   9.3396900e+02   8.7675210e+00
   1.6430000e+01   9.3358200e+02   8.6318440e+00
   1.6540000e+01   9.3318100e+02   8.6259690e+00
   1.6430000e+01   9.3275800e+02   8.4913960e+00
   1.6570000e+01   9.3239000e+02   8.3463210e+00
   1.6520000e+01   9.3199700e+02   8.2771290e+00
   1.6540000e+01   9.3160800e+02   8.2139560e+00
   1.6520000e+01   9.3119300e+02   8.2139560e+00
   1.6390000e+01   9.3082900e+02   8.1567360e+00
   1.6390000e+01   9.3042100e+02   8.0883360e+00
   1.6390000e+01   9.2999600e+02   8.0883360e+00
   1.6410000e+01   9.2957300e+02   8.0826490e+00
   1.6320000e+01   9.2919800e+02   8.0258890e+00
   1.6300000e+01   9.2877800e+02   8.0258890e+00
   1.6240000e+01   9.2838600e+02   8.0315560e+00
   1.6230000e+01   9.2801000e+02   7.9636840e+00
   1.6190000e+01   9.2762100e+02   7.9636840e+00
   1.6090000e+01   9.2725000e+02   7.9749760e+00
   1.6140000e+01   9.2686900e+02   7.9017210e+00
   1.6040000e+01   9.2648700e+02   7.9749760e+00
   1.6010000e+01   9.2610900e+02   7.9749760e+00
   1.6100000e+01   9.2577900e+02   7.9073440e+00
   1.5950000e+01   9.2545500e+02   7.9806250e+00
   1.5930000e+01   9.2509300e+02   7.9129690e+00
   1.5940000e+01   9.2477000e+02   7.9129690e+00
   1.5940000e+01   9.2441500e+02   7.9129690e+00
   1.5890000e+01   9.2404900e+02   7.9185960e+00
   1.5880000e+01   9.2367500e+02   7.9185960e+00
   1.5870000e+01   9.2330800e+02   7.9185960e+00
   1.5840000e+01   9.2294300e+02   7.9524000e+00
   1.5820000e+01   9.2256200e+02   7.9862760e+00
   1.5770000e+01   9.2225100e+02   7.9862760e+00
   1.5730000e+01   9.2188300e+02   7.9919290e+00
   1.5730000e+01   9.2150000e+02   7.9919290e+00
   1.5740000e+01   9.2113500e+02   7.9919290e+00
   1.5700000e+01   9.2080800e+02   7.9636840e+00
   1.5670000e+01   9.2050200e+02   7.9298560e+00
   1.5670000e+01   9.2019200e+02   7.8680250e+00
   1.5670000e+01   9.1987700e+02   7.8008490e+00
   1.5630000e+01   9.1956900e+02   7.7729440e+00
   1.5580000e+01   9.1926800e+02   7.7395240e+00
   1.5560000e+01   9.1897400e+02   7.8120250e+00
   1.5590000e+01   9.1868900e+02   7.6452250e+00
   1.5610000e+01   9.1839500e+02   7.4802250e+00
   1.5660000e+01   9.1809300e+02   7.3224360e+00
   1.5710000e+01   9.1777400e+02   7.1609760e+00
   1.5690000e+01   9.1743800e+02   7.0384090e+00
   1.5680000e+01   9.1710400e+02   6.9221610e+00
   1.5690000e+01   9.1679200e+02   6.8277690e+00
   1.5700000e+01   9.1649400e+02   6.7392160e+00
   1.5690000e+01   9.1619700e+02   6.6770560e+00
   1.5690000e+01   9.1591100e+02   6.6151840e+00
   1.5670000e+01   9.1561500e+02   6.6151840e+00
   1.5660000e+01   9.1527200e+02   6.6203290e+00
   1.5600000e+01   9.1500000e+02   6.6254760e+00
   1.5540000e+01   9.1470400e+02   6.6254760e+00
   1.5550000e+01   9.1440800e+02   6.5689690e+00
   1.5550000e+01   9.1411500e+02   6.6254760e+00
   1.5500000e+01   9.1383600e+02   6.6254760e+00
   1.5500000e+01   9.1352100e+02   6.5689690e+00
   1.5510000e+01   9.1323100e+02   6.5689690e+00
   1.5460000e+01   9.1293200e+02   6.5740960e+00
   1.5460000e+01   9.1263500e+02   6.5740960e+00
   1.5450000e+01   9.1233300e+02   6.5740960e+00
   1.5430000e+01   9.1206700e+02   6.5178090e+00
   1.5400000e+01   9.1176100e+02   6.5740960e+00
   1.5380000e+01   9.1150400e+02   6.5178090e+00
   1.5350000e+01   9.1124200e+02   6.5178090e+00
   1.5320000e+01   9.1096600e+02   6.4668490e+00
   1.5370000e+01   9.1066700e+02   6.5178090e+00
   1.5330000e+01   9.1039000e+02   6.4009000e+00
   1.5290000e+01   9.1007700e+02   6.4059610e+00
   1.5300000e+01   9.0977100e+02   6.2950810e+00
   1.5300000e+01   9.0950000e+02   6.2350090e+00
   1.5230000e+01   9.0918000e+02   6.2400040e+00
   1.5160000e+01   9.0890300e+02   6.1901440e+00
   1.5130000e+01   9.0862900e+02   6.1305760e+00
   1.5130000e+01   9.0829600e+02   6.1305760e+00
   1.5130000e+01   9.0796100e+02   6.0221160e+00
   1.5200000e+01   9.0769900e+02   6.0172090e+00
   1.5170000e+01   9.0744500e+02   6.0172090e+00
   1.5160000e+01   9.0715700e+02   5.9097610e+00
   1.5030000e+01   9.0687400e+02   5.9731360e+00
   1.5060000e+01   9.0660600e+02   5.9146240e+00
   1.5040000e+01   9.0628700e+02   5.9146240e+00
   1.5030000e+01   9.0602000e+02   5.8612410e+00
   1.4970000e+01   9.0568900e+02   5.9194890e+00
   1.5010000e+01   9.0535700e+02   5.8081000e+00
   1.4990000e+01   9.0508000e+02   5.8612410e+00
   1.4950000e+01   9.0478300e+02   5.8081000e+00
   1.4950000e+01   9.0442200e+02   5.8081000e+00
   1.4920000e+01   9.0405600e+02   5.8129210e+00
   1.4930000e+01   9.0377600e+02   5.7552010e+00
   1.4920000e+01   9.0348500e+02   5.7552010e+00
   1.4890000e+01   9.0316600e+02   5.7552010e+00
   1.4920000e+01   9.0283200e+02   5.8129210e+00
   1.4860000e+01   9.0252000e+02   5.7600000e+00
   1.4800000e+01   9.0222600e+02   5.7600000e+00
   1.4750000e+01   9.0193600e+02   5.7648010e+00
   1.4700000e+01   9.0161800e+02   5.7168810e+00
   1.4790000e+01   9.0131400e+02   5.7600000e+00
   1.4640000e+01   9.0098300e+02   5.7216640e+00
   1.4670000e+01   9.0063600e+02   5.7648010e+00
   1.4680000e+01   9.0023900e+02   5.7168810e+00
   1.4560000e+01   8.9987300e+02   5.7744090e+00
   1.4530000e+01   8.9955000e+02   5.7264490e+00
   1.4540000e+01   8.9922900e+02   5.7264490e+00
   1.4520000e+01   8.9886100e+02   5.6691610e+00
   1.4490000e+01   8.9852300e+02   5.7264490e+00
   1.4470000e+01   8.9818000e+02   5.6739240e+00
   1.4440000e+01   8.9786600e+02   5.7264490e+00
   1.4450000e+01   8.9756300e+02   5.7264490e+00
   1.4440000e+01   8.9728400e+02   5.7312360e+00
   1.4370000e+01   8.9699600e+02   5.7312360e+00
   1.4370000e+01   8.9672600e+02   5.7840250e+00
   1.4360000e+01   8.9645900e+02   5.7312360e+00
   1.4310000e+01   8.9615500e+02   5.6786890e+00
   1.4340000e+01   8.9586200e+02   5.7360250e+00
   1.4290000e+01   8.9560200e+02   5.6786890e+00
   1.4290000e+01   8.9532200e+02   5.7073210e+00
   1.4290000e+01   8.9504800e+02   5.7360250e+00
   1.4240000e+01   8.9478800e+02   5.7360250e+00
   1.4190000e+01   8.9451300e+02   5.7408160e+00
   1.4170000e+01   8.9423100e+02   5.7456090e+00
   1.4150000e+01   8.9400200e+02   5.7456090e+00
   1.4140000e+01   8.9378800e+02   5.7168810e+00
   1.4130000e+01   8.9352300e+02   5.6882250e+00
   1.4110000e+01   8.9325400e+02   5.6882250e+00
   1.4100000e+01   8.9298200e+02   5.6882250e+00
   1.4090000e+01   8.9270100e+02   5.7168810e+00
   1.4070000e+01   8.9241300e+02   5.7456090e+00
   1.4110000e+01   8.9210700e+02   5.6882250e+00
   1.4070000e+01   8.9178300e+02   5.6882250e+00
   1.4020000e+01   8.9147200e+02   5.6929960e+00
   1.4020000e+01   8.9117400e+02   5.6929960e+00
   1.4010000e+01   8.9088200e+02   5.6929960e+00
   1.3980000e+01   8.9059600e+02   5.6691610e+00
   1.3950000e+01   8.9032000e+02   5.6406250e+00
   1.3930000e+01   8.9003200e+02   5.6453760e+00
   1.3910000e+01   8.8978200e+02   5.6453760e+00
   1.3860000e+01   8.8953500e+02   5.6739240e+00
   1.3810000e+01   8.8928200e+02   5.7025440e+00
   1.3840000e+01   8.8903600e+02   5.6739240e+00
   1.3860000e+01   8.8881500e+02   5.6453760e+00
   1.3800000e+01   8.8855400e+02   5.6501290e+00
   1.3730000e+01   8.8827600e+02   5.6548840e+00
   1.3700000e+01   8.8802500e+02   5.6026890e+00
   1.3680000e+01   8.8767500e+02   5.6548840e+00
   1.3780000e+01   8.8734800e+02   5.5979560e+00
   1.3670000e+01   8.8705000e+02   5.6026890e+00
   1.3670000e+01   8.8673200e+02   5.6026890e+00
   1.3670000e+01   8.8642700e+02   5.6026890e+00
   1.3610000e+01   8.8613100e+02   5.6074240e+00
   1.3580000e+01   8.8579700e+02   5.6074240e+00
   1.3610000e+01   8.8549400e+02   5.6074240e+00
   1.3580000e+01   8.8520100e+02   5.6074240e+00
   1.3540000e+01   8.8491800e+02   5.5601640e+00
   1.3540000e+01   8.8458100e+02   5.6121610e+00
   1.3500000e+01   8.8429200e+02   5.6121610e+00
   1.3410000e+01   8.8399800e+02   5.6691610e+00
   1.3460000e+01   8.8369400e+02   5.6121610e+00
   1.3450000e+01   8.8341900e+02   5.5648810e+00
   1.3380000e+01   8.8306800e+02   5.6169000e+00
   1.3310000e+01   8.8271300e+02   5.5696000e+00
   1.3380000e+01   8.8240800e+02   5.6169000e+00
   1.3260000e+01   8.8207600e+02   5.5743210e+00
   1.3260000e+01   8.8175500e+02   5.5178010e+00
   1.3210000e+01   8.8142200e+02   5.5743210e+00
   1.3170000e+01   8.8106400e+02   5.5225000e+00
   1.3150000e+01   8.8070200e+02   5.5790440e+00
   1.3130000e+01   8.8033900e+02   5.5790440e+00
   1.3090000e+01   8.7996700e+02   5.6596410e+00
   1.3040000e+01   8.7955400e+02   5.7408160e+00
   1.2950000e+01   8.7919400e+02   5.7984640e+00
   1.2870000e+01   8.7881500e+02   5.8564000e+00
   1.2870000e+01   8.7840400e+02   5.9438440e+00
   1.2870000e+01   8.7796600e+02   6.0270250e+00
   1.2820000e+01   8.7754500e+02   6.1702560e+00
   1.2770000e+01   8.7712600e+02   6.3151690e+00
   1.2750000e+01   8.7669600e+02   6.4872090e+00
   1.2730000e+01   8.7629200e+02   6.6667240e+00
   1.2690000e+01   8.7589000e+02   6.9696000e+00
   1.2660000e+01   8.7545700e+02   7.2792040e+00
   1.2570000e+01   8.7502000e+02   7.7339610e+00
   1.2540000e+01   8.7458800e+02   7.8008490e+00
   1.2570000e+01   8.7419300e+02   7.9242250e+00
   1.2520000e+01   8.7379300e+02   8.0656000e+00
   1.2480000e+01   8.7338400e+02   8.0656000e+00
   1.2460000e+01   8.7296800e+02   8.1396090e+00
   1.2390000e+01   8.7256000e+02   8.2082250e+00
   1.2360000e+01   8.7215300e+02   8.2139560e+00
   1.2380000e+01   8.7173500e+02   8.3463210e+00
   1.2340000e+01   8.7134400e+02   8.2828840e+00
   1.2250000e+01   8.7096200e+02   8.3578810e+00
   1.2240000e+01   8.7058900e+02   8.4274090e+00
   1.2180000e+01   8.7019500e+02   8.4274090e+00
   1.2150000e+01   8.6983700e+02   8.5030560e+00
   1.2160000e+01   8.6949700e+02   8.5030560e+00
   1.2130000e+01   8.6913800e+02   8.5731840e+00
   1.2090000e+01   8.6876300e+02   8.6494810e+00
   1.2040000e+01   8.6840900e+02   8.5790410e+00
   1.2040000e+01   8.6807000e+02   8.6494810e+00
   1.2000000e+01   8.6773800e+02   8.7202090e+00
   1.1970000e+01   8.6737500e+02   8.7202090e+00
   1.1950000e+01   8.6703100e+02   8.7202090e+00
   1.1910000e+01   8.6671300e+02   8.7261160e+00
   1.1870000e+01   8.6637000e+02   8.8030890e+00
   1.1830000e+01   8.6603300e+02   8.8804000e+00
   1.1780000e+01   8.6566100e+02   8.8863610e+00
   1.1820000e+01   8.6535900e+02   8.8804000e+00
   1.1740000e+01   8.6505600e+02   8.8863610e+00
   1.1770000e+01   8.6471800e+02   8.9520640e+00
   1.1670000e+01   8.6437500e+02   8.9580490e+00
   1.1730000e+01   8.6401200e+02   9.0240160e+00
   1.1670000e+01   8.6367600e+02   8.9640360e+00
   1.1650000e+01   8.6336500e+02   9.0000000e+00
   1.1620000e+01   8.6300000e+02   9.0360360e+00
   1.1630000e+01   8.6265300e+02   9.1809000e+00
   1.1630000e+01   8.6222800e+02   9.3269160e+00
   1.1630000e+01   8.6182500e+02   9.5110560e+00
   1.1630000e+01   8.6136400e+02   9.6969960e+00
   1.1650000e+01   8.6091000e+02   9.8847360e+00
   1.1670000e+01   8.6050300e+02   1.0080625e+01
   1.1660000e+01   8.6013500e+02   1.0240000e+01
   1.1650000e+01   8.5977600e+02   1.0400625e+01
   1.1590000e+01   8.5939800e+02   1.0484644e+01
   1.1530000e+01   8.5899300e+02   1.0569001e+01
   1.1490000e+01   8.5860800e+02   1.0647169e+01
   1.1460000e+01   8.5824500e+02   1.0732176e+01
   1.1470000e+01   8.5790700e+02   1.0771524e+01
   1.1470000e+01   8.5759400e+02   1.0810944e+01
   1.1460000e+01   8.5726200e+02   1.0896601e+01
   1.1430000e+01   8.5691100e+02   1.0936249e+01
   1.1390000e+01   8.5655600e+02   1.0982596e+01
   1.1360000e+01   8.5619600e+02   1.0989225e+01
   1.1330000e+01   8.5581400e+02   1.0989225e+01
   1.1250000e+01   8.5540800e+02   1.0995856e+01
   1.1170000e+01   8.5502000e+02   1.1002489e+01
   1.1170000e+01   8.5459700e+02   1.1042329e+01
   1.1170000e+01   8.5415700e+02   1.1082241e+01
   1.1140000e+01   8.5367300e+02   1.1082241e+01
   1.1100000e+01   8.5316600e+02   1.1088900e+01
   1.1000000e+01   8.5271900e+02   1.1189025e+01
   1.0990000e+01   8.5228100e+02   1.1269449e+01
   1.0900000e+01   8.5184000e+02   1.1363641e+01
   1.0790000e+01   8.5138600e+02   1.1370384e+01
   1.0750000e+01   8.5095600e+02   1.1458225e+01
   1.0790000e+01   8.5055900e+02   1.1539609e+01
   1.0690000e+01   8.5017300e+02   1.1546404e+01
   1.0700000e+01   8.4983200e+02   1.1634921e+01
   1.0710000e+01   8.4950400e+02   1.1628100e+01
   1.0720000e+01   8.4920700e+02   1.1716929e+01
   1.0670000e+01   8.4889600e+02   1.1723776e+01
   1.0660000e+01   8.4854600e+02   1.1806096e+01
   1.0570000e+01   8.4822700e+02   1.1812969e+01
   1.0560000e+01   8.4791900e+02   1.1812969e+01
   1.0560000e+01   8.4761300e+02   1.1902500e+01
   1.0510000e+01   8.4728300e+02   1.1909401e+01
   1.0490000e+01   8.4697800e+02   1.1999296e+01
   1.0530000e+01   8.4668700e+02   1.1902500e+01
   1.0390000e+01   8.4638100e+02   1.2006225e+01
   1.0370000e+01   8.4608300e+02   1.2013156e+01
   1.0450000e+01   8.4577400e+02   1.2006225e+01
   1.0350000e+01   8.4552600e+02   1.2096484e+01
   1.0350000e+01   8.4525500e+02   1.2096484e+01
   1.0330000e+01   8.4502300e+02   1.2096484e+01
   1.0310000e+01   8.4472200e+02   1.2020089e+01
   1.0300000e+01   8.4440500e+02   1.2103441e+01
   1.0320000e+01   8.4411900e+02   1.2103441e+01
   1.0270000e+01   8.4380800e+02   1.2103441e+01
   1.0310000e+01   8.4347100e+02   1.2020089e+01
   1.0280000e+01   8.4316400e+02   1.2020089e+01
   1.0310000e+01   8.4285100e+02   1.2020089e+01
   1.0270000e+01   8.4256300e+02   1.1930116e+01
   1.0270000e+01   8.4226100e+02   1.2020089e+01
   1.0240000e+01   8.4199400e+02   1.1937025e+01
   1.0230000e+01   8.4169500e+02   1.1937025e+01
   1.0200000e+01   8.4144500e+02   1.1937025e+01
   1.0180000e+01   8.4119700e+02   1.1847364e+01
   1.0160000e+01   8.4096300e+02   1.1943936e+01
   1.0170000e+01   8.4071900e+02   1.1847364e+01
   1.0110000e+01   8.4047900e+02   1.1854249e+01
   1.0140000e+01   8.4020100e+02   1.1771761e+01
   1.0100000e+01   8.3991900e+02   1.1778624e+01
   1.0130000e+01   8.3964300e+02   1.1778624e+01
   1.0100000e+01   8.3934300e+02   1.1689561e+01
   1.0110000e+01   8.3906600e+02   1.1600836e+01
   9.9700000e+00   8.3876000e+02   1.1614464e+01
   9.9600000e+00   8.3844300e+02   1.1621281e+01
   9.9500000e+00   8.3816100e+02   1.1621281e+01
   9.9500000e+00   8.3786300e+02   1.1621281e+01
   9.9900000e+00   8.3756600e+02   1.1703241e+01
   9.9000000e+00   8.3727100e+02   1.1799225e+01
   9.9400000e+00   8.3700100e+02   1.1874916e+01
   9.9100000e+00   8.3672400e+02   1.1964681e+01
   1.0010000e+01   8.3646900e+02   1.2047841e+01
   9.9700000e+00   8.3623000e+02   1.2047841e+01
   9.9000000e+00   8.3591900e+02   1.2054784e+01
   9.8800000e+00   8.3567500e+02   1.2145225e+01
   9.8200000e+00   8.3544900e+02   1.2068676e+01
   9.9100000e+00   8.3516700e+02   1.2138256e+01
   9.9100000e+00   8.3486200e+02   1.1964681e+01
   9.8300000e+00   8.3456700e+02   1.1971600e+01
   9.8300000e+00   8.3427400e+02   1.1971600e+01
   9.8000000e+00   8.3398300e+02   1.1888704e+01
   9.7600000e+00   8.3372000e+02   1.1895601e+01
   9.7300000e+00   8.3342900e+02   1.1895601e+01
   9.7000000e+00   8.3313900e+02   1.1812969e+01
   9.6800000e+00   8.3290700e+02   1.1730625e+01
   9.7000000e+00   8.3264000e+02   1.1682724e+01
   9.7200000e+00   8.3236300e+02   1.1641744e+01
   9.6800000e+00   8.3211400e+02   1.1648569e+01
   9.6500000e+00   8.3188100e+02   1.1648569e+01
   9.6400000e+00   8.3163200e+02   1.1648569e+01
   9.6200000e+00   8.3136500e+02   1.1648569e+01
   9.5900000e+00   8.3108800e+02   1.1655396e+01
   9.5600000e+00   8.3080000e+02   1.1655396e+01
   9.5200000e+00   8.3050100e+02   1.1675889e+01
   9.4800000e+00   8.3019000e+02   1.1696400e+01
   9.4300000e+00   8.2988400e+02   1.1723776e+01
   9.3900000e+00   8.2958200e+02   1.1744329e+01
   9.3500000e+00   8.2928100e+02   1.1764900e+01
   9.3500000e+00   8.2897600e+02   1.1764900e+01
   9.3400000e+00   8.2868700e+02   1.1764900e+01
   9.2800000e+00   8.2841400e+02   1.1771761e+01
   9.2200000e+00   8.2815300e+02   1.1778624e+01
   9.1700000e+00   8.2790700e+02   1.1778624e+01
   9.2500000e+00   8.2766400e+02   1.1689561e+01
   9.2400000e+00   8.2741600e+02   1.1730625e+01
   9.2300000e+00   8.2719100e+02   1.1771761e+01
   9.1900000e+00   8.2691400e+02   1.1819844e+01
   9.1600000e+00   8.2663100e+02   1.1868025e+01
   9.1400000e+00   8.2634500e+02   1.1874916e+01
   9.1100000e+00   8.2606800e+02   1.1874916e+01
   9.1000000e+00   8.2579000e+02   1.1785489e+01
   9.0400000e+00   8.2550600e+02   1.1792356e+01
   9.0400000e+00   8.2522600e+02   1.1792356e+01
   9.0300000e+00   8.2495000e+02   1.1792356e+01
   9.0400000e+00   8.2470600e+02   1.1792356e+01
   9.0000000e+00   8.2447200e+02   1.1799225e+01
   8.9500000e+00   8.2421800e+02   1.1716929e+01
   8.9800000e+00   8.2403100e+02   1.1716929e+01
   8.9700000e+00   8.2382900e+02   1.1799225e+01
   8.9000000e+00   8.2364900e+02   1.1723776e+01
   8.8200000e+00   8.2345500e+02   1.1730625e+01
   8.8200000e+00   8.2326300e+02   1.1730625e+01
   8.8400000e+00   8.2304900e+02   1.1730625e+01
   8.8300000e+00   8.2286200e+02   1.1730625e+01
   8.8500000e+00   8.2262300e+02   1.1560000e+01
   8.7800000e+00   8.2238800e+02   1.1397376e+01
   8.7900000e+00   8.2212600e+02   1.1309769e+01
   8.8500000e+00   8.2190200e+02   1.1303044e+01
   8.8400000e+00   8.2163000e+02   1.1135569e+01
   8.8000000e+00   8.2137100e+02   1.1055625e+01
   8.8300000e+00   8.2110500e+02   1.0975969e+01
   8.8200000e+00   8.2083600e+02   1.0732176e+01
   8.9300000e+00   8.2055600e+02   1.0556001e+01
   8.8800000e+00   8.2031800e+02   1.0323369e+01
   8.8600000e+00   8.2003000e+02   1.0323369e+01
   8.8300000e+00   8.1979300e+02   1.0093329e+01
   8.8700000e+00   8.1953000e+02   1.0010896e+01
   8.9100000e+00   8.1930100e+02   9.9288010e+00
   8.8700000e+00   8.1904200e+02   9.8533210e+00
   8.8200000e+00   8.1879900e+02   9.7094560e+00
   8.7600000e+00   8.1856300e+02   9.7906410e+00
   8.7700000e+00   8.1832200e+02   9.6348160e+00
   8.7800000e+00   8.1806400e+02   9.6348160e+00
   8.7900000e+00   8.1783700e+02   9.5604640e+00
   8.7400000e+00   8.1759300e+02   9.5666490e+00
   8.7100000e+00   8.1737100e+02   9.5666490e+00
   8.7000000e+00   8.1710300e+02   9.4925610e+00
   8.7100000e+00   8.1685800e+02   9.4925610e+00
   8.7000000e+00   8.1659600e+02   9.4187610e+00
   8.6600000e+00   8.1633100e+02   9.3452490e+00
   8.6500000e+00   8.1607800e+02   9.3513640e+00
   8.6400000e+00   8.1581000e+02   9.3513640e+00
   8.6500000e+00   8.1554600e+02   9.2720250e+00
   8.6200000e+00   8.1528800e+02   9.2720250e+00
   8.5500000e+00   8.1500600e+02   9.2781160e+00
   8.5600000e+00   8.1474800e+02   9.1385290e+00
   8.6100000e+00   8.1448900e+02   9.1324840e+00
   8.5500000e+00   8.1425000e+02   8.9880040e+00
   8.5500000e+00   8.1402300e+02   8.9880040e+00
   8.5800000e+00   8.1377900e+02   8.9820090e+00
   8.5600000e+00   8.1355400e+02   8.8446760e+00
   8.5000000e+00   8.1331100e+02   8.8506250e+00
   8.5100000e+00   8.1304000e+02   8.7793690e+00
   8.5100000e+00   8.1277100e+02   8.7084010e+00
   8.5100000e+00   8.1254000e+02   8.6377210e+00
   8.5900000e+00   8.1234800e+02   8.5614760e+00
   8.5100000e+00   8.1212100e+02   8.4274090e+00
   8.5900000e+00   8.1189300e+02   8.2828840e+00
   8.6200000e+00   8.1167700e+02   8.0769640e+00
   8.6100000e+00   8.1138700e+02   8.0089000e+00
   8.5400000e+00   8.1116700e+02   7.8792490e+00
   8.6200000e+00   8.1093100e+02   7.7395240e+00
   8.5800000e+00   8.1067800e+02   7.6176000e+00
   8.6900000e+00   8.1048200e+02   7.3549440e+00
   8.7200000e+00   8.1029200e+02   7.1609760e+00
   8.7100000e+00   8.1004600e+02   6.9116410e+00
   8.7400000e+00   8.0979700e+02   6.6718890e+00
   8.7800000e+00   8.0953100e+02   6.3756250e+00
   8.7700000e+00   8.0927300e+02   6.0368490e+00
   8.9000000e+00   8.0901300e+02   5.5884960e+00
   8.9700000e+00   8.0877700e+02   5.0220810e+00
   9.0200000e+00   8.0850100e+02   4.6785690e+00
   9.1200000e+00   8.0822600e+02   4.2600960e+00
   9.2100000e+00   8.0799400e+02   3.8259360e+00
   9.2600000e+00   8.0775500e+02   3.4633210e+00
   9.3000000e+00   8.0747000e+02   3.1187560e+00
   9.2900000e+00   8.0719600e+02   2.8561000e+00
   9.2800000e+00   8.0689400e+02   2.6049960e+00
   9.3200000e+00   8.0663000e+02   2.3685210e+00
   9.3500000e+00   8.0635600e+02   2.1462250e+00
   9.3300000e+00   8.0609300e+02   1.9937440e+00
   9.3000000e+00   8.0585700e+02   1.8468810e+00
   9.2900000e+00   8.0563400e+02   1.7450410e+00
   9.2800000e+00   8.0537000e+02   1.6460890e+00
   9.2400000e+00   8.0510700e+02   1.5650010e+00
   9.2100000e+00   8.0483100e+02   1.4835240e+00
   9.2200000e+00   8.0457400e+02   1.4256360e+00
   9.2200000e+00   8.0435800e+02   1.3712410e+00
   9.1900000e+00   8.0412300e+02   1.3087360e+00
   9.1300000e+00   8.0387900e+02   1.2882250e+00
   9.1000000e+00   8.0362900e+02   1.2476890e+00
   9.1200000e+00   8.0335100e+02   1.2078010e+00
   9.0500000e+00   8.0307600e+02   1.2078010e+00
   9.1100000e+00   8.0280900e+02   1.1685610e+00
   9.0100000e+00   8.0255400e+02   1.1299690e+00
   9.0200000e+00   8.0227900e+02   1.1109160e+00
   8.9900000e+00   8.0200200e+02   1.1130250e+00
   8.9700000e+00   8.0175800e+02   1.0753690e+00
   8.9400000e+00   8.0150900e+02   1.0753690e+00
   8.8700000e+00   8.0126300e+02   1.0609000e+00
   8.9000000e+00   8.0103500e+02   1.0404000e+00
   8.8300000e+00   8.0079500e+02   1.0060090e+00
   8.8200000e+00   8.0054100e+02   1.0060090e+00
   8.8400000e+00   8.0027600e+02   9.8803600e-01
   8.7400000e+00   8.0001000e+02   9.7219600e-01
   8.7700000e+00   7.9974200e+02   9.5257600e-01
   8.7200000e+00   7.9950600e+02   9.3702400e-01
   8.7600000e+00   7.9927100e+02   9.3702400e-01
   8.7200000e+00   7.9901000e+02   9.0440100e-01
   8.6900000e+00   7.9872400e+02   9.0630400e-01
   8.6800000e+00   7.9845800e+02   8.8736400e-01
   8.6700000e+00   7.9815400e+02   8.5562500e-01
   8.6000000e+00   7.9790000e+02   8.4088900e-01
   8.5800000e+00   7.9766500e+02   8.4088900e-01
   8.5700000e+00   7.9744000e+02   8.0820100e-01
   8.6000000e+00   7.9718200e+02   8.0820100e-01
   8.5000000e+00   7.9694700e+02   7.7968900e-01
   8.5500000e+00   7.9666500e+02   7.7968900e-01
   8.5400000e+00   7.9639500e+02   7.6562500e-01
   8.5300000e+00   7.9609500e+02   7.4995600e-01
   8.5400000e+00   7.9585000e+02   7.3273600e-01
   8.4100000e+00   7.9560000e+02   7.3444900e-01
   8.4500000e+00   7.9537700e+02   7.0728100e-01
   8.3900000e+00   7.9508800e+02   7.2250000e-01
   8.3800000e+00   7.9479600e+02   7.0728100e-01
   8.3700000e+00   7.9450400e+02   6.9388900e-01
   8.3300000e+00   7.9425900e+02   6.9388900e-01
   8.3100000e+00   7.9401700e+02   6.9555600e-01
   8.2900000e+00   7.9373800e+02   6.8062500e-01
   8.2700000e+00   7.9349900e+02   6.6748900e-01
   8.1800000e+00   7.9324600e+02   6.8227600e-01
   8.1900000e+00   7.9297500e+02   6.6912400e-01
   8.2100000e+00   7.9268900e+02   6.5448100e-01
   8.2200000e+00   7.9240000e+02   6.5286400e-01
   8.1600000e+00   7.9214400e+02   6.4160100e-01
   8.2400000e+00   7.9188400e+02   6.2726400e-01
   8.1600000e+00   7.9164200e+02   6.2726400e-01
   8.1400000e+00   7.9135700e+02   6.1308900e-01
   8.0900000e+00   7.9107900e+02   6.1465600e-01
   8.0900000e+00   7.9084800e+02   6.0217600e-01
   8.0900000e+00   7.9054200e+02   6.0217600e-01
   8.0600000e+00   7.9030100e+02   5.8982400e-01
   8.0400000e+00   7.9004300e+02   5.8982400e-01
   8.0100000e+00   7.8975500e+02   5.7760000e-01
   7.9900000e+00   7.8946300e+02   5.6550400e-01
   8.0000000e+00   7.8918100e+02   5.6550400e-01
   7.9900000e+00   7.8889800e+02   5.5204900e-01
   7.9800000e+00   7.8863400e+02   5.4022500e-01
   7.9500000e+00   7.8837300e+02   5.4022500e-01
   7.9500000e+00   7.8810300e+02   5.2998400e-01
   7.9100000e+00   7.8777700e+02   5.2998400e-01
   7.9300000e+00   7.8748800e+02   5.0552100e-01
   7.8000000e+00   7.8718300e+02   5.1840000e-01
   7.7900000e+00   7.8688900e+02   5.0694400e-01
   7.8100000e+00   7.8662700e+02   4.9561600e-01
   7.9100000e+00   7.8636900e+02   4.8302500e-01
   7.9000000e+00   7.8611000e+02   4.7196900e-01
   7.8100000e+00   7.8588000e+02   4.7334400e-01
   7.7900000e+00   7.8559300e+02   4.5158400e-01
   7.9000000e+00   7.8530200e+02   4.5024100e-01
   7.8900000e+00   7.8501100e+02   4.4488900e-01
   7.8900000e+00   7.8478600e+02   4.3956900e-01
   7.8100000e+00   7.8455100e+02   4.3560000e-01
   7.7300000e+00   7.8429700e+02   4.3033600e-01
   7.8100000e+00   7.8401700e+02   4.3033600e-01
   7.8800000e+00   7.8375400e+02   4.2902500e-01
   7.9100000e+00   7.8349500e+02   4.2902500e-01
   7.9500000e+00   7.8322300e+02   4.2902500e-01
   7.9700000e+00   7.8294400e+02   4.2380100e-01
   8.0000000e+00   7.8266600e+02   4.1731600e-01
   7.9800000e+00   7.8239100e+02   4.1731600e-01
   7.9600000e+00   7.8211900e+02   4.1731600e-01
   7.9400000e+00   7.8184100e+02   4.1731600e-01
   7.9200000e+00   7.8155700e+02   4.1731600e-01
   7.9100000e+00   7.8129700e+02   4.1731600e-01
   7.8900000e+00   7.8106000e+02   4.1860900e-01
   7.8800000e+00   7.8081200e+02   4.1860900e-01
   7.8600000e+00   7.8055300e+02   4.1860900e-01
   7.8300000e+00   7.8031000e+02   4.1860900e-01
   7.7900000e+00   7.8008500e+02   4.2380100e-01
   7.7500000e+00   7.7983000e+02   4.3033600e-01
   7.7300000e+00   7.7954400e+02   4.3033600e-01
   7.7200000e+00   7.7926600e+02   4.3033600e-01
   7.7000000e+00   7.7899300e+02   4.3692100e-01
   7.6900000e+00   7.7871400e+02   4.4222500e-01
   7.6800000e+00   7.7842400e+02   4.4222500e-01
   7.6600000e+00   7.7819100e+02   4.4222500e-01
   7.6400000e+00   7.7791800e+02   4.4222500e-01
   7.6100000e+00   7.7764600e+02   4.4222500e-01
   7.5500000e+00   7.7737800e+02   4.4355600e-01
   7.5500000e+00   7.7708900e+02   4.5427600e-01
   7.5100000e+00   7.7681200e+02   4.7610000e-01
   7.5700000e+00   7.7657600e+02   4.7610000e-01
   7.5900000e+00   7.7634200e+02   4.9843600e-01
   7.6000000e+00   7.7607900e+02   4.9702500e-01
   7.5900000e+00   7.7584500e+02   5.0836900e-01
   7.5900000e+00   7.7558300e+02   4.9843600e-01
   7.5800000e+00   7.7525600e+02   4.9843600e-01
   7.5400000e+00   7.7496600e+02   4.8580900e-01
   7.6200000e+00   7.7470900e+02   4.7472100e-01
   7.6300000e+00   7.7442400e+02   4.6376100e-01
   7.6100000e+00   7.7418700e+02   4.5292900e-01
   7.5500000e+00   7.7396500e+02   4.6376100e-01
   7.6100000e+00   7.7367700e+02   4.6376100e-01
   7.6300000e+00   7.7340500e+02   4.6376100e-01
   7.6000000e+00   7.7316200e+02   4.7610000e-01
   7.6300000e+00   7.7289600e+02   4.7472100e-01
   7.6800000e+00   7.7265600e+02   4.7472100e-01
   7.7000000e+00   7.7242100e+02   4.8441600e-01
   7.7400000e+00   7.7215100e+02   4.9702500e-01
   7.8300000e+00   7.7188700e+02   4.8302500e-01
   7.8100000e+00   7.7163600e+02   4.8302500e-01
   7.8300000e+00   7.7132900e+02   4.7334400e-01
   7.8600000e+00   7.7105600e+02   4.8302500e-01
   7.9500000e+00   7.7081200e+02   4.5968400e-01
   7.9300000e+00   7.7053100e+02   4.6104100e-01
   7.9700000e+00   7.7025500e+02   4.3956900e-01
   7.9300000e+00   7.6999500e+02   4.3956900e-01
   8.0000000e+00   7.6971800e+02   4.3824400e-01
   7.9900000e+00   7.6943800e+02   4.1731600e-01
   7.9600000e+00   7.6918900e+02   4.1731600e-01
   7.9800000e+00   7.6892600e+02   4.1731600e-01
   7.8900000e+00   7.6866300e+02   3.9816100e-01
   7.9100000e+00   7.6838800e+02   4.0832100e-01
   7.9300000e+00   7.6810400e+02   3.8688400e-01
   7.9500000e+00   7.6783900e+02   3.9690000e-01
   7.9100000e+00   7.6756000e+02   3.7822500e-01
   7.9300000e+00   7.6727100e+02   3.8688400e-01
   8.0100000e+00   7.6697100e+02   3.6723600e-01
   8.0000000e+00   7.6668000e+02   3.7699600e-01
   8.0000000e+00   7.6639300e+02   3.6723600e-01
   7.9900000e+00   7.6610500e+02   3.6723600e-01
   7.9800000e+00   7.6579100e+02   3.5880100e-01
   7.9100000e+00   7.6548400e+02   3.5880100e-01
   7.8300000e+00   7.6521800e+02   3.6000000e-01
   7.8800000e+00   7.6494100e+02   3.5880100e-01
   7.8300000e+00   7.6463500e+02   3.6000000e-01
   7.9300000e+00   7.6440700e+02   3.5880100e-01
   7.9500000e+00   7.6417800e+02   3.5880100e-01
   7.8500000e+00   7.6393600e+02   3.5046400e-01
   7.8400000e+00   7.6366600e+02   3.6000000e-01
   7.9300000e+00   7.6343700e+02   3.4928100e-01
   7.8200000e+00   7.6321800e+02   3.6000000e-01
   7.8200000e+00   7.6300100e+02   3.6000000e-01
   7.8100000e+00   7.6275600e+02   3.5046400e-01
   7.9100000e+00   7.6249400e+02   3.5880100e-01
   7.7900000e+00   7.6221900e+02   3.6000000e-01
   7.7800000e+00   7.6198100e+02   3.5046400e-01
   7.7700000e+00   7.6169300e+02   3.5046400e-01
   7.8000000e+00   7.6141100e+02   3.6000000e-01
   7.7800000e+00   7.6114300e+02   3.5521600e-01
   7.7700000e+00   7.6089500e+02   3.5046400e-01
   7.8100000e+00   7.6057400e+02   3.5046400e-01
   7.8500000e+00   7.6025100e+02   3.5046400e-01
   7.8500000e+00   7.5993000e+02   3.5046400e-01
   7.8400000e+00   7.5963500e+02   3.5046400e-01
   7.8800000e+00   7.5934800e+02   3.4105600e-01
   7.9200000e+00   7.5906700e+02   3.3062500e-01
   7.8600000e+00   7.5879700e+02   3.2718400e-01
   7.7900000e+00   7.5853800e+02   3.2262400e-01
   7.8100000e+00   7.5826700e+02   3.1809600e-01
   7.8300000e+00   7.5798500e+02   3.1360000e-01
   7.8000000e+00   7.5772500e+02   3.0470400e-01
   7.7800000e+00   7.5748600e+02   3.0030400e-01
   7.7700000e+00   7.5724800e+02   2.9702500e-01
   7.7200000e+00   7.5701100e+02   2.9268100e-01
   7.6800000e+00   7.5677200e+02   2.8944400e-01
   7.6600000e+00   7.5653000e+02   2.8944400e-01
   7.6400000e+00   7.5630100e+02   2.8944400e-01
   7.6400000e+00   7.5607400e+02   2.8515600e-01
   7.6400000e+00   7.5583200e+02   2.8090000e-01
   7.6000000e+00   7.5559300e+02   2.7772900e-01
   7.5500000e+00   7.5536700e+02   2.7352900e-01
   7.6100000e+00   7.5514200e+02   2.6832400e-01
   7.6800000e+00   7.5490700e+02   2.6419600e-01
   7.6800000e+00   7.5466100e+02   2.6419600e-01
   7.6900000e+00   7.5441300e+02   2.6419600e-01
   7.6800000e+00   7.5416400e+02   2.6419600e-01
   7.6800000e+00   7.5395200e+02   2.5704900e-01
   7.6800000e+00   7.5368100e+02   2.6419600e-01
   7.6000000e+00   7.5342700e+02   2.5806400e-01
   7.6400000e+00   7.5315900e+02   2.5704900e-01
   7.6400000e+00   7.5288200e+02   2.5000000e-01
   7.5800000e+00   7.5264900e+02   2.5000000e-01
   7.6500000e+00   7.5240600e+02   2.5704900e-01
   7.6300000e+00   7.5214300e+02   2.5000000e-01
   7.7500000e+00   7.5192200e+02   2.4900100e-01
   7.7900000e+00   7.5167900e+02   2.4108100e-01
   7.8600000e+00   7.5144900e+02   2.4010000e-01
   7.8900000e+00   7.5117500e+02   2.4010000e-01
   7.9200000e+00   7.5095900e+02   2.4010000e-01
   7.9600000e+00   7.5070400e+02   2.3232400e-01
   7.9800000e+00   7.5047200e+02   2.3232400e-01
   8.0000000e+00   7.5024700e+02   2.3136100e-01
   8.0300000e+00   7.5000200e+02   2.2467600e-01
   7.9600000e+00   7.4975200e+02   2.2562500e-01
   8.0200000e+00   7.4955500e+02   2.2467600e-01
   7.9300000e+00   7.4932700e+02   2.2562500e-01
   7.9400000e+00   7.4912500e+02   2.2562500e-01
   8.0000000e+00   7.4886700e+02   2.2467600e-01
   7.9900000e+00   7.4861600e+02   2.1808900e-01
   7.9600000e+00   7.4834000e+02   2.1808900e-01
   7.9900000e+00   7.4811600e+02   2.1808900e-01
   7.9200000e+00   7.4787700e+02   2.1808900e-01
   8.0100000e+00   7.4763600e+02   2.1715600e-01
   8.0300000e+00   7.4736700e+02   2.1068100e-01
   7.9400000e+00   7.4711000e+02   2.1808900e-01
   7.9300000e+00   7.4684400e+02   2.1160000e-01
   8.0000000e+00   7.4658000e+02   2.1160000e-01
   7.8800000e+00   7.4630400e+02   2.0520900e-01
   7.9100000e+00   7.4607600e+02   2.1160000e-01
   7.9400000e+00   7.4585000e+02   2.0520900e-01
   8.0100000e+00   7.4564700e+02   2.1068100e-01
   8.0000000e+00   7.4539500e+02   2.0430400e-01
   7.9100000e+00   7.4517400e+02   2.0520900e-01
   7.9200000e+00   7.4491200e+02   2.0520900e-01
   7.9800000e+00   7.4465300e+02   1.9713600e-01
   7.9000000e+00   7.4440300e+02   2.0520900e-01
   7.8200000e+00   7.4414000e+02   1.9802500e-01
   7.8100000e+00   7.4391800e+02   1.9802500e-01
   7.8200000e+00   7.4367700e+02   1.9802500e-01
   7.8200000e+00   7.4341200e+02   1.9802500e-01
   7.8500000e+00   7.4315500e+02   1.9184400e-01
   7.8200000e+00   7.4289100e+02   1.9802500e-01
   7.8100000e+00   7.4264100e+02   1.9184400e-01
   7.8100000e+00   7.4237000e+02   1.9802500e-01
   7.7600000e+00   7.4215500e+02   1.9184400e-01
   7.7700000e+00   7.4193900e+02   1.9802500e-01
   7.8200000e+00   7.4172300e+02   1.9184400e-01
   7.8500000e+00   7.4151300e+02   1.9184400e-01
   7.8600000e+00   7.4126200e+02   1.9184400e-01
   7.8700000e+00   7.4104600e+02   1.9184400e-01
   7.8800000e+00   7.4085400e+02   1.9184400e-01
   7.9700000e+00   7.4065500e+02   1.9009600e-01
   8.0600000e+00   7.4045800e+02   1.8835600e-01
   8.1500000e+00   7.4023700e+02   1.8576100e-01
   8.2400000e+00   7.4000000e+02   1.8404100e-01
   8.3300000e+00   7.3974600e+02   1.8232900e-01
   8.3900000e+00   7.3947600e+02   1.7892900e-01
   8.4400000e+00   7.3922000e+02   1.7556100e-01
   8.4700000e+00   7.3897900e+02   1.7556100e-01
   8.4900000e+00   7.3872300e+02   1.7556100e-01
   8.4900000e+00   7.3845300e+02   1.7222500e-01
   8.5000000e+00   7.3818200e+02   1.6892100e-01
   8.5000000e+00   7.3791000e+02   1.6892100e-01
   8.5000000e+00   7.3763900e+02   1.6892100e-01
   8.4800000e+00   7.3739400e+02   1.6646400e-01
   8.4500000e+00   7.3717300e+02   1.6402500e-01
   8.4800000e+00   7.3697200e+02   1.6564900e-01
   8.5000000e+00   7.3678500e+02   1.6728100e-01
   8.5300000e+00   7.3657800e+02   1.6892100e-01
   8.5300000e+00   7.3631600e+02   1.6728100e-01
   8.5300000e+00   7.3607200e+02   1.6483600e-01
   8.5300000e+00   7.3583000e+02   1.6321600e-01
   8.5000000e+00   7.3560000e+02   1.6321600e-01
   8.5100000e+00   7.3538200e+02   1.6321600e-01
   8.5900000e+00   7.3514500e+02   1.6321600e-01
   8.5900000e+00   7.3489600e+02   1.5681600e-01
   8.6000000e+00   7.3465100e+02   1.6321600e-01
   8.5900000e+00   7.3439000e+02   1.6321600e-01
   8.5700000e+00   7.3413700e+02   1.6321600e-01
   8.5900000e+00   7.3388100e+02   1.6321600e-01
   8.6200000e+00   7.3365900e+02   1.6321600e-01
   8.6200000e+00   7.3345000e+02   1.6321600e-01
   8.5300000e+00   7.3323200e+02   1.6321600e-01
   8.5200000e+00   7.3299500e+02   1.6321600e-01
   8.4200000e+00   7.3276200e+02   1.6402500e-01
   8.4000000e+00   7.3251200e+02   1.6892100e-01
   8.4200000e+00   7.3226300e+02   1.6402500e-01
   8.3900000e+00   7.3202000e+02   1.6402500e-01
   8.3900000e+00   7.3178900e+02   1.6974400e-01
   8.4500000e+00   7.3152000e+02   1.6892100e-01
   8.4200000e+00   7.3128600e+02   1.6402500e-01
   8.4000000e+00   7.3104600e+02   1.6892100e-01
   8.4000000e+00   7.3078100e+02   1.6892100e-01
   8.3900000e+00   7.3057200e+02   1.6892100e-01
   8.3300000e+00   7.3036900e+02   1.6974400e-01
   8.3700000e+00   7.3012000e+02   1.6974400e-01
   8.3600000e+00   7.2991000e+02   1.7640000e-01
   8.2400000e+00   7.2969500e+02   1.6974400e-01
   8.2900000e+00   7.2946700e+02   1.7640000e-01
   8.3000000e+00   7.2923700e+02   1.7640000e-01
   8.2900000e+00   7.2902400e+02   1.6974400e-01
   8.3000000e+00   7.2873900e+02   1.7640000e-01
   8.2500000e+00   7.2850000e+02   1.7724100e-01
   8.2000000e+00   7.2823600e+02   1.7724100e-01
   8.1700000e+00   7.2793100e+02   1.7724100e-01
   8.1400000e+00   7.2767500e+02   1.7724100e-01
   8.1200000e+00   7.2745700e+02   1.8318400e-01
   8.0600000e+00   7.2722700e+02   1.7808400e-01
   8.0200000e+00   7.2701300e+02   1.7808400e-01
   8.0300000e+00   7.2679900e+02   1.8404100e-01
   8.0500000e+00   7.2658200e+02   1.8404100e-01
   8.0100000e+00   7.2634500e+02   1.8404100e-01
   7.9900000e+00   7.2614400e+02   1.7808400e-01
   7.9800000e+00   7.2591700e+02   1.8404100e-01
   7.9900000e+00   7.2569600e+02   1.8404100e-01
   7.9800000e+00   7.2548000e+02   1.8404100e-01
   7.9600000e+00   7.2523200e+02   1.8404100e-01
   7.8800000e+00   7.2497600e+02   1.7892900e-01
   7.8400000e+00   7.2472400e+02   1.8490000e-01
   7.7800000e+00   7.2445900e+02   1.8490000e-01
   7.7600000e+00   7.2419700e+02   1.8576100e-01
   7.7600000e+00   7.2395500e+02   1.7977600e-01
   7.7400000e+00   7.2373500e+02   1.8576100e-01
   7.7300000e+00   7.2352500e+02   1.7977600e-01
   7.7100000e+00   7.2324700e+02   1.8576100e-01
   7.7200000e+00   7.2305200e+02   1.8576100e-01
   7.7000000e+00   7.2285600e+02   1.7977600e-01
   7.6600000e+00   7.2263900e+02   1.8576100e-01
   7.6300000e+00   7.2236100e+02   1.7977600e-01
   7.5600000e+00   7.2213800e+02   1.8062500e-01
   7.5900000e+00   7.2190200e+02   1.8662400e-01
   7.5900000e+00   7.2163900e+02   1.8662400e-01
   7.5900000e+00   7.2136800e+02   1.8062500e-01
   7.4700000e+00   7.2111000e+02   1.8662400e-01
   7.4500000e+00   7.2085100e+02   1.8748900e-01
   7.4300000e+00   7.2065000e+02   1.8490000e-01
   7.4200000e+00   7.2039100e+02   1.8147600e-01
   7.4000000e+00   7.2013100e+02   1.8490000e-01
   7.3900000e+00   7.1988900e+02   1.8748900e-01
   7.3600000e+00   7.1971900e+02   1.8748900e-01
   7.3300000e+00   7.1948300e+02   1.8748900e-01
   7.3100000e+00   7.1925100e+02   1.8835600e-01
   7.2900000e+00   7.1905400e+02   1.8835600e-01
   7.2800000e+00   7.1886400e+02   1.8576100e-01
   7.2600000e+00   7.1866600e+02   1.8232900e-01
   7.2200000e+00   7.1847000e+02   1.8576100e-01
   7.1700000e+00   7.1827400e+02   1.8835600e-01
   7.2000000e+00   7.1805900e+02   1.8576100e-01
   7.2400000e+00   7.1782600e+02   1.8232900e-01
   7.1900000e+00   7.1758100e+02   1.8232900e-01
   7.1500000e+00   7.1732300e+02   1.8318400e-01
   7.1000000e+00   7.1708800e+02   1.8318400e-01
   7.1100000e+00   7.1687500e+02   1.8662400e-01
   7.1100000e+00   7.1664900e+02   1.8922500e-01
   7.1000000e+00   7.1641100e+02   1.8922500e-01
   7.0800000e+00   7.1616600e+02   1.8922500e-01
   7.0900000e+00   7.1591400e+02   1.8662400e-01
   7.0900000e+00   7.1565800e+02   1.8318400e-01
   7.0600000e+00   7.1541700e+02   1.8318400e-01
   7.0300000e+00   7.1517700e+02   1.8318400e-01
   7.0400000e+00   7.1496800e+02   1.8318400e-01
   7.0500000e+00   7.1477800e+02   1.8318400e-01
   7.0600000e+00   7.1456100e+02   1.8318400e-01
   7.0700000e+00   7.1434800e+02   1.8318400e-01
   7.0200000e+00   7.1410600e+02   1.8318400e-01
   7.0100000e+00   7.1383500e+02   1.8318400e-01
   7.0000000e+00   7.1357100e+02   1.8922500e-01
   7.0100000e+00   7.1331200e+02   1.8922500e-01
   6.9800000e+00   7.1306300e+02   1.9009600e-01
   7.0200000e+00   7.1281200e+02   1.9624900e-01
   6.9800000e+00   7.1261000e+02   2.0340100e-01
   6.9000000e+00   7.1239400e+02   2.0340100e-01
   6.9500000e+00   7.1214200e+02   2.1068100e-01
   6.9600000e+00   7.1190200e+02   2.1068100e-01
   6.9800000e+00   7.1164800e+02   2.1068100e-01
   6.9000000e+00   7.1142800e+02   2.2467600e-01
   6.8800000e+00   7.1121100e+02   2.1808900e-01
   6.8400000e+00   7.1101100e+02   2.2467600e-01
   6.8400000e+00   7.1082300e+02   2.3232400e-01
   6.9400000e+00   7.1062100e+02   2.3136100e-01
   6.9300000e+00   7.1040400e+02   2.3232400e-01
   6.8300000e+00   7.1016000e+02   2.3912100e-01
   6.7900000e+00   7.0993000e+02   2.4010000e-01
   6.8500000e+00   7.0971700e+02   2.4700900e-01
   6.7900000e+00   7.0948900e+02   2.4800400e-01
   6.7700000e+00   7.0925900e+02   2.4800400e-01
   6.8000000e+00   7.0901600e+02   2.5502500e-01
   6.8200000e+00   7.0881000e+02   2.6316900e-01
   6.7800000e+00   7.0858200e+02   2.7040000e-01
   6.7300000e+00   7.0834900e+02   2.7144100e-01
   6.7400000e+00   7.0812300e+02   2.7144100e-01
   6.8000000e+00   7.0791800e+02   2.7040000e-01
   6.7500000e+00   7.0768800e+02   2.7878400e-01
   6.7400000e+00   7.0745400e+02   2.7878400e-01
   6.7100000e+00   7.0717300e+02   2.7984100e-01
   6.7200000e+00   7.0691100e+02   2.8729600e-01
   6.7300000e+00   7.0665400e+02   2.9593600e-01
   6.7200000e+00   7.0641900e+02   2.9593600e-01
   6.7400000e+00   7.0615500e+02   3.1248100e-01
   6.6600000e+00   7.0590300e+02   3.1360000e-01
   6.6400000e+00   7.0567200e+02   3.2262400e-01
   6.6400000e+00   7.0543200e+02   3.2262400e-01
   6.6400000e+00   7.0518000e+02   3.3177600e-01
   6.6700000e+00   7.0494300e+02   3.3177600e-01
   6.6300000e+00   7.0466700e+02   3.2262400e-01
   6.6600000e+00   7.0444500e+02   3.3177600e-01
   6.6500000e+00   7.0423900e+02   3.3177600e-01
   6.6500000e+00   7.0400100e+02   3.3177600e-01
   6.6400000e+00   7.0375300e+02   3.3177600e-01
   6.5900000e+00   7.0353600e+02   3.3292900e-01
   6.6000000e+00   7.0328100e+02   3.4222500e-01
   6.5700000e+00   7.0302400e+02   3.4222500e-01
   6.5200000e+00   7.0274300e+02   3.3292900e-01
   6.5600000e+00   7.0252100e+02   3.4222500e-01
   6.5400000e+00   7.0228300e+02   3.4222500e-01
   6.4200000e+00   7.0202700e+02   3.4339600e-01
   6.4300000e+00   7.0176400e+02   3.4339600e-01
   6.3700000e+00   7.0149300e+02   3.4339600e-01
   6.3700000e+00   7.0126800e+02   3.5283600e-01
   6.3800000e+00   7.0102700e+02   3.6240400e-01
   6.3300000e+00   7.0076900e+02   3.6360900e-01
   6.3100000e+00   7.0053700e+02   3.7332100e-01
   6.3000000e+00   7.0027000e+02   3.7332100e-01
   6.3000000e+00   7.0002400e+02   3.8192400e-01
   6.2600000e+00   6.9973300e+02   3.8192400e-01
   6.2200000e+00   6.9947100e+02   3.8688400e-01
   6.1800000e+00   6.9924900e+02   3.9312900e-01
   6.1900000e+00   6.9904100e+02   3.9816100e-01
   6.2000000e+00   6.9880900e+02   4.0322500e-01
   6.1400000e+00   6.9854500e+02   4.0322500e-01
   6.0800000e+00   6.9829400e+02   4.0322500e-01
   6.1200000e+00   6.9804700e+02   4.0322500e-01
   6.1600000e+00   6.9781500e+02   4.0322500e-01
   6.1000000e+00   6.9760500e+02   4.0449600e-01
   6.0400000e+00   6.9740400e+02   4.0449600e-01
   6.0100000e+00   6.9719300e+02   4.0960000e-01
   5.9900000e+00   6.9697200e+02   4.1602500e-01
   5.9400000e+00   6.9673900e+02   4.1602500e-01
   5.8900000e+00   6.9649300e+02   4.1731600e-01
   5.9000000e+00   6.9626200e+02   4.2771600e-01
   5.9000000e+00   6.9604700e+02   4.3824400e-01
   5.9100000e+00   6.9583700e+02   4.4890000e-01
   5.9200000e+00   6.9563300e+02   4.5968400e-01
   5.9300000e+00   6.9541400e+02   4.7059600e-01
   5.9000000e+00   6.9518000e+02   4.8302500e-01
   5.8800000e+00   6.9494800e+02   4.9420900e-01
   5.8400000e+00   6.9471900e+02   5.0552100e-01
   5.7900000e+00   6.9449200e+02   5.1840000e-01
   5.7500000e+00   6.9426300e+02   5.2998400e-01
   5.7100000e+00   6.9402800e+02   5.4169600e-01
   5.7200000e+00   6.9378900e+02   5.6100100e-01
   5.7200000e+00   6.9354200e+02   5.7912100e-01
   5.6800000e+00   6.9328600e+02   5.9290000e-01
   5.6500000e+00   6.9304000e+02   6.0684100e-01
   5.6200000e+00   6.9280500e+02   6.2094400e-01
   5.5900000e+00   6.9255700e+02   6.3361600e-01
   5.5700000e+00   6.9233500e+02   6.4641600e-01
   5.5800000e+00   6.9209300e+02   6.7568400e-01
   5.5500000e+00   6.9186500e+02   6.8890000e-01
   5.5400000e+00   6.9164900e+02   7.1740900e-01
   5.5400000e+00   6.9143400e+02   7.3273600e-01
   5.5200000e+00   6.9121300e+02   7.4649600e-01
   5.4800000e+00   6.9102500e+02   7.7792400e-01
   5.4900000e+00   6.9081800e+02   8.0102500e-01
   5.5000000e+00   6.9059100e+02   8.2446400e-01
   5.5100000e+00   6.9035700e+02   8.2446400e-01
   5.6000000e+00   6.9013900e+02   8.5377600e-01
   5.5600000e+00   6.8990900e+02   8.8736400e-01
   5.6300000e+00   6.8970600e+02   9.0440100e-01
   5.6200000e+00   6.8948200e+02   9.2736900e-01
   5.6000000e+00   6.8928900e+02   9.4867600e-01
   5.5900000e+00   6.8906500e+02   9.7219600e-01
   5.5700000e+00   6.8885600e+02   9.7219600e-01
   5.6200000e+00   6.8862300e+02   9.9002500e-01
   5.6100000e+00   6.8841500e+02   1.0060090e+00
   5.5400000e+00   6.8820700e+02   1.0080160e+00
   5.5400000e+00   6.8799900e+02   1.0261690e+00
   5.5300000e+00   6.8779400e+02   1.0322560e+00
   5.5200000e+00   6.8757800e+02   1.0383610e+00
   5.5100000e+00   6.8732100e+02   1.0444840e+00
   5.5000000e+00   6.8714200e+02   1.0629610e+00
   5.4400000e+00   6.8686700e+02   1.0650240e+00
   5.3900000e+00   6.8665100e+02   1.0650240e+00
   5.3300000e+00   6.8646400e+02   1.0670890e+00
   5.4300000e+00   6.8627400e+02   1.0650240e+00
   5.4400000e+00   6.8608500e+02   1.0650240e+00
   5.3300000e+00   6.8589800e+02   1.0670890e+00
   5.3800000e+00   6.8571200e+02   1.0836810e+00
   5.4000000e+00   6.8546200e+02   1.0650240e+00
   5.3800000e+00   6.8526700e+02   1.0836810e+00
   5.3600000e+00   6.8508600e+02   1.0670890e+00
   5.3400000e+00   6.8484000e+02   1.0670890e+00
   5.3100000e+00   6.8464900e+02   1.0670890e+00
   5.2500000e+00   6.8442700e+02   1.0857640e+00
   5.2600000e+00   6.8418100e+02   1.0857640e+00
   5.2000000e+00   6.8393500e+02   1.0878490e+00
   5.1700000e+00   6.8370100e+02   1.0712250e+00
   5.0800000e+00   6.8343400e+02   1.1088090e+00
   5.1000000e+00   6.8319800e+02   1.0899360e+00
   5.0200000e+00   6.8301800e+02   1.1109160e+00
   4.9500000e+00   6.8280100e+02   1.1130250e+00
   5.0800000e+00   6.8259700e+02   1.1088090e+00
   5.0700000e+00   6.8237100e+02   1.1109160e+00
   5.0600000e+00   6.8211200e+02   1.1109160e+00
   5.0200000e+00   6.8192000e+02   1.1299690e+00
   4.9900000e+00   6.8165600e+02   1.1320960e+00
   4.9900000e+00   6.8145500e+02   1.1320960e+00
   5.0500000e+00   6.8121300e+02   1.1299690e+00
   4.9800000e+00   6.8103200e+02   1.1320960e+00
   4.9600000e+00   6.8075900e+02   1.1491840e+00
   5.0000000e+00   6.8050900e+02   1.1491840e+00
   4.8500000e+00   6.8025000e+02   1.1513290e+00
   4.9400000e+00   6.8001300e+02   1.1491840e+00
   4.9300000e+00   6.7978700e+02   1.1513290e+00
   4.8500000e+00   6.7958100e+02   1.1728890e+00
   4.9100000e+00   6.7932600e+02   1.1513290e+00
   4.9200000e+00   6.7914900e+02   1.1707240e+00
   4.7800000e+00   6.7890100e+02   1.1750560e+00
   4.7600000e+00   6.7867300e+02   1.1750560e+00
   4.7300000e+00   6.7840900e+02   1.1750560e+00
   4.7400000e+00   6.7820700e+02   1.1837440e+00
   4.7600000e+00   6.7799500e+02   1.1924640e+00
   4.7700000e+00   6.7777800e+02   1.1990250e+00
   4.7800000e+00   6.7755000e+02   1.2056040e+00
   4.7900000e+00   6.7732000e+02   1.2122010e+00
   4.8100000e+00   6.7708900e+02   1.2122010e+00
   4.7700000e+00   6.7685200e+02   1.2210250e+00
   4.7300000e+00   6.7661000e+02   1.2276640e+00
   4.6900000e+00   6.7638000e+02   1.2365440e+00
   4.6300000e+00   6.7614800e+02   1.2387690e+00
   4.5600000e+00   6.7591400e+02   1.2387690e+00
   4.5700000e+00   6.7570900e+02   1.2454560e+00
   4.5900000e+00   6.7549700e+02   1.2521610e+00
   4.6000000e+00   6.7527700e+02   1.2588840e+00
   4.6100000e+00   6.7503900e+02   1.2588840e+00
   4.6200000e+00   6.7480000e+02   1.2588840e+00
   4.5200000e+00   6.7457200e+02   1.2588840e+00
   4.4800000e+00   6.7433500e+02   1.2611290e+00
   4.4500000e+00   6.7410100e+02   1.2611290e+00
   4.4700000e+00   6.7387000e+02   1.2611290e+00
   4.5000000e+00   6.7365500e+02   1.2611290e+00
   4.4700000e+00   6.7344800e+02   1.2701290e+00
   4.4400000e+00   6.7320700e+02   1.2814240e+00
   4.4200000e+00   6.7296400e+02   1.2814240e+00
   4.3900000e+00   6.7271700e+02   1.2814240e+00
   4.3700000e+00   6.7245300e+02   1.2814240e+00
   4.4000000e+00   6.7222600e+02   1.2814240e+00
   4.4400000e+00   6.7202200e+02   1.2814240e+00
   4.5100000e+00   6.7178400e+02   1.2791610e+00
   4.5700000e+00   6.7155100e+02   1.2769000e+00
   4.5200000e+00   6.7128700e+02   1.2791610e+00
   4.4500000e+00   6.7102900e+02   1.2791610e+00
   4.4200000e+00   6.7078600e+02   1.2814240e+00
   4.4300000e+00   6.7049800e+02   1.2814240e+00
   4.4200000e+00   6.7024000e+02   1.3041640e+00
   4.3800000e+00   6.6995500e+02   1.3271040e+00
   4.3700000e+00   6.6971300e+02   1.3456000e+00
   4.4200000e+00   6.6945600e+02   1.3665610e+00
   4.3300000e+00   6.6919400e+02   1.4137210e+00
   4.3700000e+00   6.6895500e+02   1.4352040e+00
   4.3600000e+00   6.6871900e+02   1.4568490e+00
   4.3700000e+00   6.6847700e+02   1.5030760e+00
   4.3800000e+00   6.6820600e+02   1.5276960e+00
   4.3100000e+00   6.6796200e+02   1.5500250e+00
   4.3700000e+00   6.6772800e+02   1.5475360e+00
   4.1600000e+00   6.6751100e+02   1.6027560e+00
   4.3100000e+00   6.6727700e+02   1.6230760e+00
   4.2200000e+00   6.6703500e+02   1.6256250e+00
   4.2800000e+00   6.6681600e+02   1.6230760e+00
   4.1800000e+00   6.6653600e+02   1.6744360e+00
   4.1500000e+00   6.6625900e+02   1.6512250e+00
   4.1500000e+00   6.6595700e+02   1.6744360e+00
   4.2200000e+00   6.6569600e+02   1.6744360e+00
   4.2000000e+00   6.6545400e+02   1.6978090e+00
   4.1800000e+00   6.6518900e+02   1.6744360e+00
   4.1900000e+00   6.6495700e+02   1.6744360e+00
   4.1200000e+00   6.6468300e+02   1.7004160e+00
   4.1400000e+00   6.6446600e+02   1.6744360e+00
   4.0000000e+00   6.6425300e+02   1.7030250e+00
   4.0600000e+00   6.6400500e+02   1.6770250e+00
   4.1000000e+00   6.6377800e+02   1.6770250e+00
   4.1300000e+00   6.6355300e+02   1.6770250e+00
   4.0400000e+00   6.6335300e+02   1.6770250e+00
   4.0100000e+00   6.6309400e+02   1.6796160e+00
   4.0300000e+00   6.6283900e+02   1.6537960e+00
   4.0000000e+00   6.6257900e+02   1.6796160e+00
   4.0900000e+00   6.6235100e+02   1.6512250e+00
   4.0500000e+00   6.6211600e+02   1.6537960e+00
   3.9700000e+00   6.6187200e+02   1.6563690e+00
   3.9900000e+00   6.6158900e+02   1.6537960e+00
   4.0100000e+00   6.6130600e+02   1.6537960e+00
   4.0400000e+00   6.6104600e+02   1.6537960e+00
   3.9800000e+00   6.6076500e+02   1.6563690e+00
   3.9600000e+00   6.6048000e+02   1.6563690e+00
   4.0500000e+00   6.6025300e+02   1.6281760e+00
   4.0200000e+00   6.5998900e+02   1.6435240e+00
   3.9800000e+00   6.5974100e+02   1.6563690e+00
   3.9700000e+00   6.5947900e+02   1.6307290e+00
   3.9300000e+00   6.5915600e+02   1.6307290e+00
   3.9000000e+00   6.5883100e+02   1.6332840e+00
   3.8700000e+00   6.5856000e+02   1.6332840e+00
   3.9900000e+00   6.5829400e+02   1.6307290e+00
   3.9300000e+00   6.5801800e+02   1.6332840e+00
   3.9200000e+00   6.5776100e+02   1.6332840e+00
   3.9500000e+00   6.5748500e+02   1.6078240e+00
   3.9700000e+00   6.5723300e+02   1.6078240e+00
   3.9500000e+00   6.5696200e+02   1.5850810e+00
   3.9600000e+00   6.5667500e+02   1.6078240e+00
   3.9300000e+00   6.5638200e+02   1.5850810e+00
   3.9100000e+00   6.5615500e+02   1.5600010e+00
   3.9900000e+00   6.5592600e+02   1.5825640e+00
   4.0300000e+00   6.5566300e+02   1.5351210e+00
   4.0100000e+00   6.5538600e+02   1.5376000e+00
   3.9900000e+00   6.5510900e+02   1.5376000e+00
   4.0100000e+00   6.5482900e+02   1.5129000e+00
   4.0300000e+00   6.5456500e+02   1.4884000e+00
   4.0500000e+00   6.5427500e+02   1.4713690e+00
   4.0600000e+00   6.5403700e+02   1.4544360e+00
   4.0800000e+00   6.5378200e+02   1.4352040e+00
   4.0900000e+00   6.5350900e+02   1.4184810e+00
   4.0900000e+00   6.5323300e+02   1.4184810e+00
   4.0200000e+00   6.5295100e+02   1.4208640e+00
   3.9400000e+00   6.5267500e+02   1.4232490e+00
   3.9300000e+00   6.5240300e+02   1.4280250e+00
   3.9100000e+00   6.5212700e+02   1.4304160e+00
   3.9000000e+00   6.5184600e+02   1.4352040e+00
   3.8900000e+00   6.5154100e+02   1.4400000e+00
   3.8700000e+00   6.5122100e+02   1.4424010e+00
   3.8600000e+00   6.5088500e+02   1.4472090e+00
   3.8400000e+00   6.5057800e+02   1.4472090e+00
   3.8300000e+00   6.5030000e+02   1.4496160e+00
   3.8100000e+00   6.5001300e+02   1.4496160e+00
   3.7800000e+00   6.4971600e+02   1.4496160e+00
   3.7600000e+00   6.4943100e+02   1.4496160e+00
   3.7000000e+00   6.4915800e+02   1.4616810e+00
   3.6500000e+00   6.4890100e+02   1.4762250e+00
   3.6100000e+00   6.4865000e+02   1.4859610e+00
   3.5700000e+00   6.4846500e+02   1.4981760e+00
   3.5500000e+00   6.4826600e+02   1.4981760e+00
   3.5200000e+00   6.4804300e+02   1.5006250e+00
   3.5000000e+00   6.4778300e+02   1.5252250e+00
   3.4900000e+00   6.4751900e+02   1.5252250e+00
   3.4600000e+00   6.4726200e+02   1.5252250e+00
   3.4400000e+00   6.4695900e+02   1.5500250e+00
   3.3900000e+00   6.4665500e+02   1.5276960e+00
   3.4000000e+00   6.4639200e+02   1.5525160e+00
   3.3700000e+00   6.4609900e+02   1.5525160e+00
   3.2800000e+00   6.4583800e+02   1.5550090e+00
   3.2600000e+00   6.4549800e+02   1.5550090e+00
   3.3100000e+00   6.4518300e+02   1.5550090e+00
   3.3100000e+00   6.4489400e+02   1.5550090e+00
   3.3100000e+00   6.4461300e+02   1.5301690e+00
   3.3000000e+00   6.4431000e+02   1.5301690e+00
   3.3100000e+00   6.4401100e+02   1.5055290e+00
   3.3000000e+00   6.4376900e+02   1.5055290e+00
   3.2900000e+00   6.4357100e+02   1.4835240e+00
   3.2800000e+00   6.4329300e+02   1.4616810e+00
   3.2800000e+00   6.4301200e+02   1.4376010e+00
   3.2700000e+00   6.4270700e+02   1.4161000e+00
   3.2600000e+00   6.4246100e+02   1.3947610e+00
   3.2500000e+00   6.4217400e+02   1.3947610e+00
   3.2200000e+00   6.4191300e+02   1.3759290e+00
   3.1800000e+00   6.4170300e+02   1.3548960e+00
   3.0900000e+00   6.4146500e+02   1.3759290e+00
   3.0300000e+00   6.4122900e+02   1.3363360e+00
   3.0000000e+00   6.4099300e+02   1.3595560e+00
   3.0000000e+00   6.4066500e+02   1.3363360e+00
   3.0500000e+00   6.4040900e+02   1.3363360e+00
   3.0100000e+00   6.4017500e+02   1.3133160e+00
   3.0100000e+00   6.3993200e+02   1.3133160e+00
   3.0100000e+00   6.3966700e+02   1.3133160e+00
   2.9800000e+00   6.3945800e+02   1.3156090e+00
   3.0100000e+00   6.3920300e+02   1.2950440e+00
   2.9900000e+00   6.3887600e+02   1.2950440e+00
   2.9700000e+00   6.3859400e+02   1.2950440e+00
   2.9300000e+00   6.3828900e+02   1.2769000e+00
   2.8800000e+00   6.3803500e+02   1.2769000e+00
   2.8300000e+00   6.3777400e+02   1.2678760e+00
   2.7700000e+00   6.3748800e+02   1.2566410e+00
   2.7900000e+00   6.3722500e+02   1.2791610e+00
   2.7700000e+00   6.3695400e+02   1.2387690e+00
   2.7300000e+00   6.3668300e+02   1.2588840e+00
   2.7700000e+00   6.3636700e+02   1.2387690e+00
   2.6700000e+00   6.3611000e+02   1.2409960e+00
   2.6300000e+00   6.3586500e+02   1.2409960e+00
   2.6200000e+00   6.3560000e+02   1.2409960e+00
   2.6000000e+00   6.3535400e+02   1.2409960e+00
   2.5300000e+00   6.3505100e+02   1.2432250e+00
   2.5000000e+00   6.3476100e+02   1.2432250e+00
   2.4300000e+00   6.3448200e+02   1.2254490e+00
   2.4200000e+00   6.3422900e+02   1.2321000e+00
   2.4000000e+00   6.3393400e+02   1.2409960e+00
   2.3900000e+00   6.3362200e+02   1.2476890e+00
   2.3400000e+00   6.3332900e+02   1.2476890e+00
   2.3900000e+00   6.3299200e+02   1.2476890e+00
   2.3200000e+00   6.3266500e+02   1.2476890e+00
   2.2800000e+00   6.3236300e+02   1.2701290e+00
   2.2400000e+00   6.3205100e+02   1.2701290e+00
   2.2100000e+00   6.3175000e+02   1.2723840e+00
   2.1700000e+00   6.3148000e+02   1.2723840e+00
   2.1300000e+00   6.3117600e+02   1.2950440e+00
   2.1100000e+00   6.3083800e+02   1.2973210e+00
   2.0700000e+00   6.3054300e+02   1.2973210e+00
   2.0400000e+00   6.3023700e+02   1.3179040e+00
   2.0300000e+00   6.2995800e+02   1.3271040e+00
   2.0300000e+00   6.2970400e+02   1.3386490e+00
   1.9900000e+00   6.2942600e+02   1.3386490e+00
   1.9400000e+00   6.2910300e+02   1.3525690e+00
   1.9000000e+00   6.2881700e+02   1.3642240e+00
   1.9000000e+00   6.2854600e+02   1.3759290e+00
   1.9000000e+00   6.2828500e+02   1.3876840e+00
   1.8500000e+00   6.2803300e+02   1.3971240e+00
   1.8000000e+00   6.2777400e+02   1.4089690e+00
   1.8300000e+00   6.2752000e+02   1.4089690e+00
   1.8500000e+00   6.2727600e+02   1.4089690e+00
   1.8500000e+00   6.2700700e+02   1.4232490e+00
   1.8500000e+00   6.2671300e+02   1.4400000e+00
   1.8500000e+00   6.2644500e+02   1.4544360e+00
   1.8400000e+00   6.2620300e+02   1.4762250e+00
   1.7900000e+00   6.2594100e+02   1.4786560e+00
   1.7400000e+00   6.2567600e+02   1.4786560e+00
   1.6900000e+00   6.2542500e+02   1.4810890e+00
   1.6600000e+00   6.2515700e+02   1.4908410e+00
   1.6300000e+00   6.2487300e+02   1.4981760e+00
   1.6000000e+00   6.2457200e+02   1.5079840e+00
   1.5700000e+00   6.2431400e+02   1.5079840e+00
   1.5400000e+00   6.2405500e+02   1.5079840e+00
   1.5000000e+00   6.2379700e+02   1.4981760e+00
   1.4700000e+00   6.2353300e+02   1.4884000e+00
   1.4500000e+00   6.2326300e+02   1.5104410e+00
   1.4100000e+00   6.2303200e+02   1.5129000e+00
   1.4000000e+00   6.2274300e+02   1.5079840e+00
   1.3800000e+00   6.2243800e+02   1.5030760e+00
   1.3700000e+00   6.2215000e+02   1.4957290e+00
   1.3600000e+00   6.2188000e+02   1.4908410e+00
   1.2900000e+00   6.2164500e+02   1.5153610e+00
   1.3100000e+00   6.2137900e+02   1.4908410e+00
   1.3100000e+00   6.2110700e+02   1.4908410e+00
   1.3000000e+00   6.2086700e+02   1.4908410e+00
   1.2800000e+00   6.2061900e+02   1.4932840e+00
   1.2700000e+00   6.2036500e+02   1.4932840e+00
   1.2600000e+00   6.2007800e+02   1.4932840e+00
   1.2300000e+00   6.1985400e+02   1.4713690e+00
   1.1200000e+00   6.1963100e+02   1.4981760e+00
   1.1100000e+00   6.1940400e+02   1.4981760e+00
   1.1000000e+00   6.1914100e+02   1.4981760e+00
   1.0900000e+00   6.1884100e+02   1.4737960e+00
   1.0200000e+00   6.1854200e+02   1.4762250e+00
   1.0100000e+00   6.1825900e+02   1.4762250e+00
   1.0100000e+00   6.1795600e+02   1.4762250e+00
   9.5000000e-01   6.1767000e+02   1.4762250e+00
   9.0000000e-01   6.1742000e+02   1.4786560e+00
   8.8000000e-01   6.1716000e+02   1.4786560e+00
   8.7000000e-01   6.1687300e+02   1.4786560e+00
   8.5000000e-01   6.1658100e+02   1.4810890e+00
   8.3000000e-01   6.1630700e+02   1.4810890e+00
   7.7000000e-01   6.1607100e+02   1.4835240e+00
   7.7000000e-01   6.1585100e+02   1.4835240e+00
   7.7000000e-01   6.1562000e+02   1.4835240e+00
   7.7000000e-01   6.1538000e+02   1.4835240e+00
   7.2000000e-01   6.1512900e+02   1.4835240e+00
   6.4000000e-01   6.1492300e+02   1.4859610e+00
   5.7000000e-01   6.1467500e+02   1.4884000e+00
   5.9000000e-01   6.1441500e+02   1.4884000e+00
   6.0000000e-01   6.1414200e+02   1.4884000e+00
   6.2000000e-01   6.1385700e+02   1.4884000e+00
   5.6000000e-01   6.1356300e+02   1.4665210e+00
   5.4000000e-01   6.1327400e+02   1.4665210e+00
   5.1000000e-01   6.1301300e+02   1.4665210e+00
   4.9000000e-01   6.1276800e+02   1.4689440e+00
   4.6000000e-01   6.1253200e+02   1.4689440e+00
   4.3000000e-01   6.1230400e+02   1.4641000e+00
   3.9000000e-01   6.1203100e+02   1.4592640e+00
   3.5000000e-01   6.1175100e+02   1.4544360e+00
   3.2000000e-01   6.1150800e+02   1.4496160e+00
   3.1000000e-01   6.1128800e+02   1.4496160e+00
   3.0000000e-01   6.1109000e+02   1.4496160e+00
   2.9000000e-01   6.1089100e+02   1.4496160e+00
   2.5000000e-01   6.1063600e+02   1.4304160e+00
   2.1000000e-01   6.1038300e+02   1.4520250e+00
   1.7000000e-01   6.1013300e+02   1.4544360e+00
   1.3000000e-01   6.0989300e+02   1.4544360e+00
   5.0000000e-02   6.0966400e+02   1.4568490e+00
   7.0000000e-02   6.0939100e+02   1.4568490e+00
   5.0000000e-02   6.0918800e+02   1.4568490e+00
   4.0000000e-02   6.0896200e+02   1.4568490e+00
   2.0000000e-02   6.0872800e+02   1.4592640e+00
   0.0000000e+00   6.0849100e+02   1.4592640e+00
  -4.0000000e-02   6.0824500e+02   1.4592640e+00
  -1.0000000e-01   6.0804600e+02   1.4424010e+00
  -1.6000000e-01   6.0783600e+02   1.4544360e+00
  -2.2000000e-01   6.0761300e+02   1.4665210e+00
  -2.4000000e-01   6.0737900e+02   1.4641000e+00
  -2.7000000e-01   6.0713300e+02   1.4641000e+00
  -2.9000000e-01   6.0692800e+02   1.4616810e+00
  -3.2000000e-01   6.0668000e+02   1.4616810e+00
  -3.4000000e-01   6.0643600e+02   1.4592640e+00
  -3.6000000e-01   6.0619600e+02   1.4592640e+00
  -3.9000000e-01   6.0595700e+02   1.4568490e+00
  -4.1000000e-01   6.0571700e+02   1.4568490e+00
  -4.4000000e-01   6.0547800e+02   1.4544360e+00
  -4.6000000e-01   6.0523900e+02   1.4544360e+00
  -4.9000000e-01   6.0500000e+02   1.4520250e+00
  -5.1000000e-01   6.0476100e+02   1.4520250e+00
  -5.3000000e-01   6.0452200e+02   1.4496160e+00
  -5.6000000e-01   6.0428300e+02   1.4472090e+00
  -5.8000000e-01   6.0404400e+02   1.4472090e+00
  -6.1000000e-01   6.0380500e+02   1.4448040e+00
  -6.3000000e-01   6.0356700e+02   1.4448040e+00
  -6.5000000e-01   6.0332800e+02   1.4424010e+00
  -6.8000000e-01   6.0309000e+02   1.4424010e+00
  -7.0000000e-01   6.0285200e+02   1.4400000e+00
  -7.3000000e-01   6.0261300e+02   1.4400000e+00
  -7.5000000e-01   6.0237500e+02   1.4376010e+00
  -7.7000000e-01   6.0213700e+02   1.4376010e+00
  -8.0000000e-01   6.0189900e+02   1.4352040e+00
  -8.2000000e-01   6.0166100e+02   1.4352040e+00
  -8.5000000e-01   6.0142400e+02   1.4328090e+00
  -8.7000000e-01   6.0118600e+02   1.4328090e+00
  -9.0000000e-01   6.0094800e+02   1.4304160e+00
  -9.2000000e-01   6.0071100e+02   1.4280250e+00
  -9.4000000e-01   6.0047400e+02   1.4280250e+00
  -9.7000000e-01   6.0023700e+02   1.4256360e+00
  -9.9000000e-01   5.9999900e+02   1.4256360e+00
  -1.0200000e+00   5.9976200e+02   1.4232490e+00
  -1.0400000e+00   5.9952500e+02   1.4232490e+00
  -1.0600000e+00   5.9928800e+02   1.4208640e+00
  -1.0900000e+00   5.9905200e+02   1.4208640e+00
  -1.1100000e+00   5.9881500e+02   1.4184810e+00
  -1.1400000e+00   5.9857800e+02   1.4184810e+00
  -1.1600000e+00   5.9834200e+02   1.4161000e+00
  -1.1800000e+00   5.9810500e+02   1.4161000e+00
  -1.2100000e+00   5.9786900e+02   1.4137210e+00
  -1.2300000e+00   5.9763300e+02   1.4137210e+00
  -1.2600000e+00   5.9739700e+02   1.4113440e+00
  -1.2800000e+00   5.9716100e+02   1.4089690e+00
  -1.3000000e+00   5.9692500e+02   1.4089690e+00
  -1.3300000e+00   5.9668900e+02   1.4065960e+00
  -1.3500000e+00   5.9645300e+02   1.4065960e+00
  -1.3800000e+00   5.9621700e+02   1.4042250e+00
  -1.4000000e+00   5.9598200e+02   1.4042250e+00
  -1.4300000e+00   5.9574600e+02   1.4018560e+00
  -1.4500000e+00   5.9551100e+02   1.4018560e+00
  -1.4700000e+00   5.9523600e+02   1.3994890e+00
  -1.5000000e+00   5.9500000e+02   1.3994890e+00
  -1.5200000e+00   5.9476200e+02   1.3971240e+00
  -1.5500000e+00   5.9451800e+02   1.3971240e+00
  -1.5700000e+00   5.9426800e+02   1.3947610e+00
  -1.5900000e+00   5.9401200e+02   1.3947610e+00
  -1.6300000e+00   5.9373800e+02   1.4184810e+00
  -1.6400000e+00   5.9350400e+02   1.3971240e+00
  -1.6700000e+00   5.9325000e+02   1.4042250e+00
  -1.6900000e+00   5.9301200e+02   1.4137210e+00
  -1.7200000e+00   5.9276400e+02   1.4208640e+00
  -1.7200000e+00   5.9255300e+02   1.4208640e+00
  -1.7300000e+00   5.9232000e+02   1.4400000e+00
  -1.7600000e+00   5.9207500e+02   1.4424010e+00
  -1.7800000e+00   5.9185400e+02   1.4424010e+00
  -1.8300000e+00   5.9163300e+02   1.4689440e+00
  -1.8500000e+00   5.9141200e+02   1.4689440e+00
  -1.8400000e+00   5.9120200e+02   1.4932840e+00
  -1.8600000e+00   5.9094600e+02   1.4932840e+00
  -1.8600000e+00   5.9070400e+02   1.5129000e+00
  -1.8900000e+00   5.9044700e+02   1.5178240e+00
  -1.9100000e+00   5.9020500e+02   1.5252250e+00
  -1.9400000e+00   5.8996900e+02   1.5301690e+00
  -1.9600000e+00   5.8971900e+02   1.5376000e+00
  -1.9900000e+00   5.8949000e+02   1.5425640e+00
  -2.0200000e+00   5.8924100e+02   1.5351210e+00
  -2.0600000e+00   5.8898200e+02   1.5276960e+00
  -2.0900000e+00   5.8871300e+02   1.5202890e+00
  -2.1200000e+00   5.8847100e+02   1.5227560e+00
  -2.1500000e+00   5.8822900e+02   1.5227560e+00
  -2.2100000e+00   5.8798800e+02   1.5252250e+00
  -2.2400000e+00   5.8773900e+02   1.5252250e+00
  -2.2700000e+00   5.8748100e+02   1.5276960e+00
  -2.2900000e+00   5.8723500e+02   1.5276960e+00
  -2.3200000e+00   5.8697900e+02   1.5276960e+00
  -2.3600000e+00   5.8670600e+02   1.5276960e+00
  -2.3900000e+00   5.8642200e+02   1.5301690e+00
  -2.4200000e+00   5.8618000e+02   1.5301690e+00
  -2.4100000e+00   5.8593200e+02   1.5301690e+00
  -2.4400000e+00   5.8569600e+02   1.5575040e+00
  -2.4900000e+00   5.8545200e+02   1.5450490e+00
  -2.5400000e+00   5.8519800e+02   1.5351210e+00
  -2.5900000e+00   5.8495600e+02   1.5600010e+00
  -2.6100000e+00   5.8472300e+02   1.5376000e+00
  -2.6400000e+00   5.8447300e+02   1.5625000e+00
  -2.6600000e+00   5.8422300e+02   1.5650010e+00
  -2.6900000e+00   5.8398300e+02   1.5650010e+00
  -2.7400000e+00   5.8375400e+02   1.5675040e+00
  -2.7800000e+00   5.8349800e+02   1.5675040e+00
  -2.8100000e+00   5.8326400e+02   1.5675040e+00
  -2.8400000e+00   5.8299600e+02   1.5700090e+00
  -2.8700000e+00   5.8274100e+02   1.5700090e+00
  -2.8900000e+00   5.8250000e+02   1.5725160e+00
  -2.9100000e+00   5.8225300e+02   1.5750250e+00
  -2.9400000e+00   5.8200000e+02   1.5750250e+00
  -2.9600000e+00   5.8174900e+02   1.5775360e+00
  -2.9800000e+00   5.8149900e+02   1.5800490e+00
  -3.0000000e+00   5.8125200e+02   1.5825640e+00
  -3.0300000e+00   5.8100500e+02   1.5850810e+00
  -3.0500000e+00   5.8075800e+02   1.5876000e+00
  -3.0700000e+00   5.8051200e+02   1.5876000e+00
  -3.0900000e+00   5.8026500e+02   1.5901210e+00
  -3.1100000e+00   5.8001800e+02   1.5926440e+00
  -3.1400000e+00   5.7977200e+02   1.5951690e+00
  -3.1600000e+00   5.7952600e+02   1.5976960e+00
  -3.1800000e+00   5.7927900e+02   1.5976960e+00
  -3.2000000e+00   5.7903300e+02   1.6002250e+00
  -3.2200000e+00   5.7878700e+02   1.6027560e+00
  -3.2500000e+00   5.7854100e+02   1.6052890e+00
  -3.2700000e+00   5.7829500e+02   1.6078240e+00
  -3.2900000e+00   5.7804900e+02   1.6103610e+00
  -3.3100000e+00   5.7780400e+02   1.6103610e+00
  -3.3400000e+00   5.7755800e+02   1.6129000e+00
  -3.3600000e+00   5.7731300e+02   1.6154410e+00
  -3.3800000e+00   5.7706700e+02   1.6179840e+00
  -3.4000000e+00   5.7682200e+02   1.6205290e+00
  -3.4200000e+00   5.7657700e+02   1.6205290e+00
  -3.4500000e+00   5.7633200e+02   1.6230760e+00
  -3.4700000e+00   5.7608700e+02   1.6256250e+00
  -3.4900000e+00   5.7584200e+02   1.6281760e+00
  -3.5100000e+00   5.7559800e+02   1.6307290e+00
  -3.5400000e+00   5.7535300e+02   1.6332840e+00
  -3.5600000e+00   5.7510800e+02   1.6332840e+00
  -3.5800000e+00   5.7486400e+02   1.6358410e+00
  -3.6000000e+00   5.7462000e+02   1.6384000e+00
  -3.6200000e+00   5.7437500e+02   1.6409610e+00
  -3.6500000e+00   5.7413100e+02   1.6435240e+00
  -3.6700000e+00   5.7388800e+02   1.6435240e+00
  -3.6900000e+00   5.7364400e+02   1.6460890e+00
  -3.7100000e+00   5.7340000e+02   1.6486560e+00
  -3.7300000e+00   5.7315600e+02   1.6512250e+00
  -3.7600000e+00   5.7291300e+02   1.6537960e+00
  -3.7800000e+00   5.7266900e+02   1.6563690e+00
  -3.8000000e+00   5.7242600e+02   1.6563690e+00
  -3.8200000e+00   5.7218200e+02   1.6589440e+00
  -3.8500000e+00   5.7193900e+02   1.6615210e+00
  -3.8700000e+00   5.7169600e+02   1.6641000e+00
  -3.8900000e+00   5.7145300e+02   1.6666810e+00
  -3.9100000e+00   5.7121000e+02   1.6666810e+00
  -3.9300000e+00   5.7096800e+02   1.6692640e+00
  -3.9600000e+00   5.7072500e+02   1.6718490e+00
  -3.9800000e+00   5.7048200e+02   1.6744360e+00
  -4.0000000e+00   5.7024000e+02   1.6770250e+00
  -4.0200000e+00   5.6999800e+02   1.6796160e+00
  -4.0500000e+00   5.6975500e+02   1.6796160e+00
  -4.0700000e+00   5.6951300e+02   1.6822090e+00
  -4.0900000e+00   5.6927100e+02   1.6848040e+00
  -4.1100000e+00   5.6902900e+02   1.6874010e+00
  -4.1300000e+00   5.6878800e+02   1.6900000e+00
  -4.1600000e+00   5.6854600e+02   1.6900000e+00
  -4.1800000e+00   5.6830400e+02   1.6926010e+00
  -4.2000000e+00   5.6806300e+02   1.6952040e+00
  -4.2200000e+00   5.6782100e+02   1.6978090e+00
  -4.2400000e+00   5.6758000e+02   1.7004160e+00
  -4.2700000e+00   5.6733900e+02   1.7030250e+00
  -4.2900000e+00   5.6709800e+02   1.7030250e+00
  -4.3100000e+00   5.6685700e+02   1.7056360e+00
  -4.3300000e+00   5.6661600e+02   1.7082490e+00
  -4.3600000e+00   5.6637500e+02   1.7108640e+00
  -4.3800000e+00   5.6613400e+02   1.7134810e+00
  -4.4000000e+00   5.6589400e+02   1.7134810e+00
  -4.4200000e+00   5.6565300e+02   1.7161000e+00
  -4.4400000e+00   5.6541300e+02   1.7187210e+00
  -4.4700000e+00   5.6517300e+02   1.7213440e+00
  -4.4900000e+00   5.6493200e+02   1.7239690e+00
  -4.5100000e+00   5.6469200e+02   1.7265960e+00
  -4.5300000e+00   5.6445200e+02   1.7265960e+00
  -4.5600000e+00   5.6421300e+02   1.7292250e+00
  -4.5800000e+00   5.6397300e+02   1.7318560e+00
  -4.6000000e+00   5.6373300e+02   1.7344890e+00
  -4.6200000e+00   5.6349400e+02   1.7371240e+00
  -4.6400000e+00   5.6325400e+02   1.7371240e+00
  -4.6700000e+00   5.6301500e+02   1.7397610e+00
  -4.6900000e+00   5.6277500e+02   1.7424000e+00
  -4.7100000e+00   5.6253600e+02   1.7450410e+00
  -4.7300000e+00   5.6229700e+02   1.7476840e+00
  -4.7500000e+00   5.6205800e+02   1.7503290e+00
  -4.7800000e+00   5.6182000e+02   1.7503290e+00
  -4.8000000e+00   5.6158100e+02   1.7529760e+00
  -4.8200000e+00   5.6134200e+02   1.7556250e+00
  -4.8400000e+00   5.6110300e+02   1.7582760e+00
  -4.8700000e+00   5.6086500e+02   1.7609290e+00
  -4.8900000e+00   5.6062700e+02   1.7609290e+00
  -4.9100000e+00   5.6038800e+02   1.7635840e+00
  -4.9300000e+00   5.6015000e+02   1.7662410e+00
  -4.9500000e+00   5.5991200e+02   1.7689000e+00
  -4.9800000e+00   5.5967400e+02   1.7715610e+00
  -5.0000000e+00   5.5943600e+02   1.7715610e+00
  -5.0200000e+00   5.5919900e+02   1.7742240e+00
  -5.0400000e+00   5.5896100e+02   1.7768890e+00
  -5.0700000e+00   5.5872400e+02   1.7795560e+00
  -5.0900000e+00   5.5848600e+02   1.7822250e+00
  -5.1100000e+00   5.5824900e+02   1.7848960e+00
  -5.1300000e+00   5.5801100e+02   1.7848960e+00
  -5.1500000e+00   5.5777400e+02   1.7875690e+00
  -5.1800000e+00   5.5753700e+02   1.7902440e+00
  -5.2000000e+00   5.5730000e+02   1.7929210e+00
  -5.2200000e+00   5.5706400e+02   1.7956000e+00
  -5.2400000e+00   5.5682700e+02   1.7956000e+00
  -5.2600000e+00   5.5659000e+02   1.7982810e+00
  -5.2900000e+00   5.5635400e+02   1.8009640e+00
  -5.3100000e+00   5.5611700e+02   1.8036490e+00
  -5.3300000e+00   5.5588100e+02   1.8063360e+00
  -5.3500000e+00   5.5564500e+02   1.8090250e+00
  -5.3800000e+00   5.5540900e+02   1.8090250e+00
  -5.4000000e+00   5.5517200e+02   1.8117160e+00
  -5.4200000e+00   5.5493700e+02   1.8144090e+00
  -5.4400000e+00   5.5470100e+02   1.8171040e+00
  -5.4600000e+00   5.5446500e+02   1.8198010e+00
  -5.4900000e+00   5.5422900e+02   1.8198010e+00
  -5.5100000e+00   5.5399400e+02   1.8225000e+00
  -5.5300000e+00   5.5375800e+02   1.8252010e+00
  -5.5500000e+00   5.5352300e+02   1.8279040e+00
  -5.5800000e+00   5.5328800e+02   1.8306090e+00
  -5.6000000e+00   5.5305300e+02   1.8333160e+00
  -5.6200000e+00   5.5281800e+02   1.8333160e+00
  -5.6400000e+00   5.5258300e+02   1.8360250e+00
  -5.6600000e+00   5.5234800e+02   1.8387360e+00
  -5.6900000e+00   5.5211300e+02   1.8414490e+00
  -5.7100000e+00   5.5187900e+02   1.8441640e+00
  -5.7300000e+00   5.5164400e+02   1.8441640e+00
  -5.7500000e+00   5.5141000e+02   1.8468810e+00
  -5.7700000e+00   5.5117500e+02   1.8496000e+00
  -5.8000000e+00   5.5094100e+02   1.8523210e+00
  -5.8200000e+00   5.5070700e+02   1.8550440e+00
  -5.8400000e+00   5.5047300e+02   1.8577690e+00
  -5.8600000e+00   5.5023900e+02   1.8577690e+00
  -5.8900000e+00   5.5000500e+02   1.8604960e+00
  -5.9100000e+00   5.4977100e+02   1.8632250e+00
  -5.9300000e+00   5.4953800e+02   1.8659560e+00
  -5.9500000e+00   5.4930400e+02   1.8686890e+00
  -5.9700000e+00   5.4907100e+02   1.8686890e+00
  -6.0000000e+00   5.4883800e+02   1.8714240e+00
  -6.0200000e+00   5.4860400e+02   1.8741610e+00
  -6.0400000e+00   5.4837100e+02   1.8769000e+00
  -6.0600000e+00   5.4813800e+02   1.8796410e+00
  -6.0900000e+00   5.4790500e+02   1.8823840e+00
  -6.1100000e+00   5.4767200e+02   1.8823840e+00
  -6.1300000e+00   5.4744000e+02   1.8851290e+00
  -6.1500000e+00   5.4720700e+02   1.8878760e+00
  -6.1700000e+00   5.4697400e+02   1.8906250e+00
  -6.2000000e+00   5.4674200e+02   1.8933760e+00
  -6.2200000e+00   5.4651000e+02   1.8933760e+00
  -6.2400000e+00   5.4627700e+02   1.8961290e+00
  -6.2600000e+00   5.4604500e+02   1.8988840e+00
  -6.2800000e+00   5.4581300e+02   1.9016410e+00
  -6.3100000e+00   5.4558100e+02   1.9044000e+00
  -6.3300000e+00   5.4534900e+02   1.9071610e+00
  -6.3500000e+00   5.4511800e+02   1.9071610e+00
  -6.3700000e+00   5.4488600e+02   1.9099240e+00
  -6.4000000e+00   5.4465400e+02   1.9126890e+00
  -6.4200000e+00   5.4442300e+02   1.9154560e+00
  -6.4400000e+00   5.4419200e+02   1.9182250e+00
  -6.4600000e+00   5.4396000e+02   1.9182250e+00
  -6.4800000e+00   5.4372900e+02   1.9209960e+00
  -6.5100000e+00   5.4349800e+02   1.9237690e+00
  -6.5300000e+00   5.4326700e+02   1.9265440e+00
  -6.5500000e+00   5.4303600e+02   1.9293210e+00
  -6.5700000e+00   5.4280500e+02   1.9321000e+00
  -6.6000000e+00   5.4257500e+02   1.9321000e+00
  -6.6200000e+00   5.4234400e+02   1.9348810e+00
  -6.6400000e+00   5.4211400e+02   1.9376640e+00
  -6.6600000e+00   5.4188300e+02   1.9404490e+00
  -6.6800000e+00   5.4165300e+02   1.9432360e+00
  -6.7100000e+00   5.4142300e+02   1.9432360e+00
  -6.7300000e+00   5.4119300e+02   1.9460250e+00
  -6.7500000e+00   5.4096300e+02   1.9488160e+00
  -6.7700000e+00   5.4073300e+02   1.9516090e+00
  -6.7900000e+00   5.4050300e+02   1.9544040e+00
  -6.8200000e+00   5.4027300e+02   1.9572010e+00
  -6.8400000e+00   5.4004400e+02   1.9572010e+00
  -6.8600000e+00   5.3981400e+02   1.9600000e+00
  -6.8800000e+00   5.3958500e+02   1.9628010e+00
  -6.9100000e+00   5.3935600e+02   1.9656040e+00
  -6.9300000e+00   5.3912600e+02   1.9684090e+00
  -6.9500000e+00   5.3889700e+02   1.9684090e+00
  -6.9700000e+00   5.3866800e+02   1.9712160e+00
  -6.9900000e+00   5.3843900e+02   1.9740250e+00
  -7.0200000e+00   5.3821100e+02   1.9768360e+00
  -7.0400000e+00   5.3798200e+02   1.9796490e+00
  -7.0600000e+00   5.3775300e+02   1.9824640e+00
  -7.0800000e+00   5.3752500e+02   1.9824640e+00
  -7.1100000e+00   5.3729600e+02   1.9852810e+00
  -7.1300000e+00   5.3706800e+02   1.9881000e+00
  -7.1500000e+00   5.3684000e+02   1.9909210e+00
  -7.1700000e+00   5.3661200e+02   1.9937440e+00
  -7.1900000e+00   5.3638300e+02   1.9937440e+00
  -7.2200000e+00   5.3615600e+02   1.9965690e+00
  -7.2400000e+00   5.3592800e+02   1.9993960e+00
  -7.2600000e+00   5.3570000e+02   2.0022250e+00
  -7.2800000e+00   5.3547200e+02   2.0050560e+00
  -7.3000000e+00   5.3524500e+02   2.0078890e+00
  -7.3300000e+00   5.3501700e+02   2.0078890e+00
  -7.3500000e+00   5.3479000e+02   2.0107240e+00
  -7.3700000e+00   5.3456300e+02   2.0135610e+00
  -7.3900000e+00   5.3433600e+02   2.0164000e+00
  -7.4200000e+00   5.3410800e+02   2.0192410e+00
  -7.4400000e+00   5.3388100e+02   2.0192410e+00
  -7.4600000e+00   5.3365500e+02   2.0220840e+00
  -7.4800000e+00   5.3342800e+02   2.0249290e+00
  -7.5000000e+00   5.3320100e+02   2.0277760e+00
  -7.5300000e+00   5.3297400e+02   2.0306250e+00
  -7.5500000e+00   5.3274800e+02   2.0334760e+00
  -7.5700000e+00   5.3252200e+02   2.0334760e+00
  -7.5900000e+00   5.3229500e+02   2.0363290e+00
  -7.6200000e+00   5.3206900e+02   2.0391840e+00
  -7.6400000e+00   5.3184300e+02   2.0420410e+00
  -7.6600000e+00   5.3161700e+02   2.0449000e+00
  -7.6800000e+00   5.3139100e+02   2.0449000e+00
  -7.7000000e+00   5.3116500e+02   2.0477610e+00
  -7.7300000e+00   5.3094000e+02   2.0506240e+00
  -7.7500000e+00   5.3071400e+02   2.0534890e+00
  -7.7700000e+00   5.3048800e+02   2.0563560e+00
  -7.7900000e+00   5.3026300e+02   2.0592250e+00
  -7.8100000e+00   5.3003700e+02   2.0592250e+00
  -7.8400000e+00   5.2981200e+02   2.0620960e+00
  -7.8600000e+00   5.2958700e+02   2.0649690e+00
  -7.8800000e+00   5.2936200e+02   2.0678440e+00
  -7.9000000e+00   5.2913700e+02   2.0707210e+00
  -7.9300000e+00   5.2891200e+02   2.0707210e+00
  -7.9500000e+00   5.2868800e+02   2.0736000e+00
  -7.9700000e+00   5.2846300e+02   2.0764810e+00
  -7.9900000e+00   5.2823800e+02   2.0793640e+00
  -8.0100000e+00   5.2801400e+02   2.0822490e+00
  -8.0400000e+00   5.2778900e+02   2.0851360e+00
  -8.0600000e+00   5.2756500e+02   2.0851360e+00
  -8.0800000e+00   5.2734100e+02   2.0880250e+00
  -8.1000000e+00   5.2711700e+02   2.0909160e+00
  -8.1300000e+00   5.2689300e+02   2.0938090e+00
  -8.1500000e+00   5.2666900e+02   2.0967040e+00
  -8.1700000e+00   5.2644500e+02   2.0967040e+00
  -8.1900000e+00   5.2622100e+02   2.0996010e+00
  -8.2100000e+00   5.2599800e+02   2.1025000e+00
  -8.2400000e+00   5.2577400e+02   2.1054010e+00
  -8.2600000e+00   5.2555100e+02   2.1083040e+00
  -8.2800000e+00   5.2532700e+02   2.1112090e+00
  -8.3000000e+00   5.2510400e+02   2.1112090e+00
  -8.3200000e+00   5.2488100e+02   2.1141160e+00
  -8.3500000e+00   5.2465800e+02   2.1170250e+00
  -8.3700000e+00   5.2443500e+02   2.1199360e+00
  -8.3900000e+00   5.2421200e+02   2.1228490e+00
  -8.4100000e+00   5.2398900e+02   2.1228490e+00
  -8.4400000e+00   5.2376700e+02   2.1257640e+00
  -8.4600000e+00   5.2354400e+02   2.1286810e+00
  -8.4800000e+00   5.2332200e+02   2.1316000e+00
  -8.5000000e+00   5.2309900e+02   2.1345210e+00
  -8.5200000e+00   5.2287700e+02   2.1374440e+00
  -8.5500000e+00   5.2265500e+02   2.1374440e+00
  -8.5700000e+00   5.2243200e+02   2.1403690e+00
  -8.5900000e+00   5.2221100e+02   2.1432960e+00
  -8.6100000e+00   5.2198900e+02   2.1462250e+00
  -8.6400000e+00   5.2176700e+02   2.1491560e+00
  -8.6600000e+00   5.2154500e+02   2.1491560e+00
  -8.6800000e+00   5.2132300e+02   2.1520890e+00
  -8.7000000e+00   5.2110200e+02   2.1550240e+00
  -8.7200000e+00   5.2088000e+02   2.1579610e+00
  -8.7500000e+00   5.2065900e+02   2.1609000e+00
  -8.7700000e+00   5.2043800e+02   2.1638410e+00
  -8.7900000e+00   5.2021700e+02   2.1638410e+00
  -8.8100000e+00   5.1999600e+02   2.1667840e+00
  -8.8300000e+00   5.1977500e+02   2.1697290e+00
  -8.8600000e+00   5.1955400e+02   2.1726760e+00
  -8.8800000e+00   5.1933300e+02   2.1756250e+00
  -8.9000000e+00   5.1911200e+02   2.1756250e+00
  -8.9200000e+00   5.1889200e+02   2.1785760e+00
  -8.9500000e+00   5.1867100e+02   2.1815290e+00
  -8.9700000e+00   5.1845100e+02   2.1844840e+00
  -8.9900000e+00   5.1823000e+02   2.1874410e+00
  -9.0100000e+00   5.1801000e+02   2.1874410e+00
  -9.0300000e+00   5.1779000e+02   2.1904000e+00
  -9.0600000e+00   5.1757000e+02   2.1933610e+00
  -9.0800000e+00   5.1735000e+02   2.1963240e+00
  -9.1000000e+00   5.1713000e+02   2.1992890e+00
  -9.1200000e+00   5.1691000e+02   2.2022560e+00
  -9.1400000e+00   5.1669100e+02   2.2022560e+00
  -9.1700000e+00   5.1647100e+02   2.2052250e+00
  -9.1900000e+00   5.1625200e+02   2.2081960e+00
  -9.2100000e+00   5.1603200e+02   2.2111690e+00
  -9.2300000e+00   5.1581300e+02   2.2141440e+00
  -9.2600000e+00   5.1559400e+02   2.2141440e+00
  -9.2800000e+00   5.1537500e+02   2.2171210e+00
  -9.3000000e+00   5.1515600e+02   2.2201000e+00
  -9.3200000e+00   5.1493700e+02   2.2230810e+00
  -9.3400000e+00   5.1471800e+02   2.2260640e+00
  -9.3700000e+00   5.1449900e+02   2.2290490e+00
  -9.3900000e+00   5.1428000e+02   2.2290490e+00
  -9.4100000e+00   5.1406200e+02   2.2320360e+00
  -9.4300000e+00   5.1384400e+02   2.2350250e+00
  -9.4600000e+00   5.1362500e+02   2.2380160e+00
  -9.4800000e+00   5.1340700e+02   2.2410090e+00
  -9.5000000e+00   5.1318900e+02   2.2410090e+00
  -9.5200000e+00   5.1297100e+02   2.2440040e+00
  -9.5400000e+00   5.1275300e+02   2.2470010e+00
  -9.5700000e+00   5.1253500e+02   2.2500000e+00
  -9.5900000e+00   5.1231700e+02   2.2530010e+00
  -9.6100000e+00   5.1209900e+02   2.2560040e+00
  -9.6300000e+00   5.1188200e+02   2.2560040e+00
  -9.6500000e+00   5.1166400e+02   2.2590090e+00
  -9.6800000e+00   5.1144600e+02   2.2620160e+00
  -9.7000000e+00   5.1122900e+02   2.2650250e+00
  -9.7200000e+00   5.1101200e+02   2.2680360e+00
  -9.7400000e+00   5.1079500e+02   2.2680360e+00
  -9.7700000e+00   5.1057800e+02   2.2710490e+00
  -9.7900000e+00   5.1036100e+02   2.2740640e+00
  -9.8100000e+00   5.1014400e+02   2.2770810e+00
  -9.8300000e+00   5.0992700e+02   2.2801000e+00
  -9.8500000e+00   5.0971000e+02   2.2831210e+00
  -9.8800000e+00   5.0949400e+02   2.2831210e+00
  -9.9000000e+00   5.0927700e+02   2.2861440e+00
  -9.9200000e+00   5.0906100e+02   2.2891690e+00
  -9.9400000e+00   5.0884400e+02   2.2921960e+00
  -9.9700000e+00   5.0862800e+02   2.2952250e+00
  -9.9900000e+00   5.0841200e+02   2.2952250e+00
  -1.0010000e+01   5.0819600e+02   2.2982560e+00
  -1.0030000e+01   5.0798000e+02   2.3012890e+00
  -1.0050000e+01   5.0776400e+02   2.3043240e+00
  -1.0080000e+01   5.0754800e+02   2.3073610e+00
  -1.0100000e+01   5.0733300e+02   2.3104000e+00
  -1.0120000e+01   5.0711700e+02   2.3104000e+00
  -1.0140000e+01   5.0690200e+02   2.3134410e+00
  -1.0160000e+01   5.0668600e+02   2.3164840e+00
  -1.0190000e+01   5.0647100e+02   2.3195290e+00
  -1.0210000e+01   5.0625600e+02   2.3225760e+00
  -1.0230000e+01   5.0604100e+02   2.3225760e+00
  -1.0250000e+01   5.0582500e+02   2.3256250e+00
  -1.0280000e+01   5.0561000e+02   2.3286760e+00
  -1.0300000e+01   5.0539600e+02   2.3317290e+00
  -1.0320000e+01   5.0518100e+02   2.3347840e+00
  -1.0340000e+01   5.0496600e+02   2.3378410e+00
  -1.0360000e+01   5.0475100e+02   2.3378410e+00
  -1.0390000e+01   5.0453700e+02   2.3409000e+00
  -1.0410000e+01   5.0432300e+02   2.3439610e+00
  -1.0430000e+01   5.0410800e+02   2.3470240e+00
  -1.0450000e+01   5.0389400e+02   2.3500890e+00
  -1.0480000e+01   5.0368000e+02   2.3500890e+00
  -1.0500000e+01   5.0346600e+02   2.3531560e+00
  -1.0520000e+01   5.0325200e+02   2.3562250e+00
  -1.0540000e+01   5.0303800e+02   2.3592960e+00
  -1.0560000e+01   5.0282400e+02   2.3623690e+00
  -1.0590000e+01   5.0261100e+02   2.3654440e+00
  -1.0610000e+01   5.0239700e+02   2.3654440e+00
  -1.0630000e+01   5.0218300e+02   2.3685210e+00
  -1.0650000e+01   5.0197000e+02   2.3716000e+00
  -1.0670000e+01   5.0175700e+02   2.3746810e+00
  -1.0700000e+01   5.0154400e+02   2.3777640e+00
  -1.0720000e+01   5.0133000e+02   2.3777640e+00
  -1.0740000e+01   5.0111700e+02   2.3808490e+00
  -1.0760000e+01   5.0090400e+02   2.3839360e+00
  -1.0790000e+01   5.0069200e+02   2.3870250e+00
  -1.0810000e+01   5.0047900e+02   2.3901160e+00
  -1.0830000e+01   5.0026600e+02   2.3932090e+00
  -1.0850000e+01   5.0005300e+02   2.3932090e+00
  -1.0870000e+01   4.9984100e+02   2.3963040e+00
  -1.0900000e+01   4.9962900e+02   2.3994010e+00
  -1.0920000e+01   4.9941600e+02   2.4025000e+00
  -1.0940000e+01   4.9920400e+02   2.4056010e+00
  -1.0960000e+01   4.9899200e+02   2.4056010e+00
  -1.0990000e+01   4.9878000e+02   2.4087040e+00
  -1.1010000e+01   4.9856800e+02   2.4118090e+00
  -1.1030000e+01   4.9835600e+02   2.4149160e+00
  -1.1050000e+01   4.9814400e+02   2.4180250e+00
  -1.1070000e+01   4.9793200e+02   2.4211360e+00
  -1.1100000e+01   4.9772100e+02   2.4211360e+00
  -1.1120000e+01   4.9750900e+02   2.4242490e+00
  -1.1140000e+01   4.9729800e+02   2.4273640e+00
  -1.1160000e+01   4.9708700e+02   2.4304810e+00
  -1.1180000e+01   4.9687500e+02   2.4336000e+00
  -1.1210000e+01   4.9666400e+02   2.4336000e+00
  -1.1230000e+01   4.9645300e+02   2.4367210e+00
  -1.1250000e+01   4.9624200e+02   2.4398440e+00
  -1.1270000e+01   4.9603100e+02   2.4429690e+00
  -1.1300000e+01   4.9582000e+02   2.4460960e+00
  -1.1320000e+01   4.9561000e+02   2.4492250e+00
  -1.1340000e+01   4.9539900e+02   2.4492250e+00
  -1.1360000e+01   4.9518900e+02   2.4523560e+00
  -1.1380000e+01   4.9497800e+02   2.4554890e+00
  -1.1410000e+01   4.9476800e+02   2.4586240e+00
  -1.1430000e+01   4.9455800e+02   2.4617610e+00
  -1.1450000e+01   4.9434700e+02   2.4617610e+00
  -1.1470000e+01   4.9413700e+02   2.4649000e+00
  -1.1500000e+01   4.9392700e+02   2.4680410e+00
  -1.1520000e+01   4.9371700e+02   2.4711840e+00
  -1.1540000e+01   4.9350800e+02   2.4743290e+00
  -1.1560000e+01   4.9329800e+02   2.4774760e+00
  -1.1580000e+01   4.9308800e+02   2.4774760e+00
  -1.1610000e+01   4.9287900e+02   2.4806250e+00
  -1.1630000e+01   4.9266900e+02   2.4837760e+00
  -1.1650000e+01   4.9246000e+02   2.4869290e+00
  -1.1670000e+01   4.9225100e+02   2.4900840e+00
  -1.1690000e+01   4.9204100e+02   2.4900840e+00
  -1.1720000e+01   4.9183200e+02   2.4932410e+00
  -1.1740000e+01   4.9162300e+02   2.4964000e+00
  -1.1760000e+01   4.9141400e+02   2.4995610e+00
  -1.1780000e+01   4.9120600e+02   2.5027240e+00
  -1.1810000e+01   4.9099700e+02   2.5058890e+00
  -1.1830000e+01   4.9078800e+02   2.5058890e+00
  -1.1850000e+01   4.9058000e+02   2.5090560e+00
  -1.1870000e+01   4.9037100e+02   2.5122250e+00
  -1.1890000e+01   4.9016300e+02   2.5153960e+00
  -1.1920000e+01   4.8995400e+02   2.5185690e+00
  -1.1940000e+01   4.8974600e+02   2.5185690e+00
  -1.1960000e+01   4.8953800e+02   2.5217440e+00
  -1.1980000e+01   4.8933000e+02   2.5249210e+00
  -1.2010000e+01   4.8912200e+02   2.5281000e+00
  -1.2030000e+01   4.8891400e+02   2.5312810e+00
  -1.2050000e+01   4.8870600e+02   2.5344640e+00
  -1.2070000e+01   4.8849900e+02   2.5344640e+00
  -1.2090000e+01   4.8829100e+02   2.5376490e+00
  -1.2120000e+01   4.8808400e+02   2.5408360e+00
  -1.2140000e+01   4.8787600e+02   2.5440250e+00
  -1.2160000e+01   4.8766900e+02   2.5472160e+00
  -1.2180000e+01   4.8746200e+02   2.5472160e+00
  -1.2200000e+01   4.8725500e+02   2.5504090e+00
  -1.2230000e+01   4.8704700e+02   2.5536040e+00
  -1.2250000e+01   4.8684100e+02   2.5568010e+00
  -1.2270000e+01   4.8663400e+02   2.5600000e+00
  -1.2290000e+01   4.8642700e+02   2.5632010e+00
  -1.2320000e+01   4.8622000e+02   2.5632010e+00
  -1.2340000e+01   4.8601400e+02   2.5664040e+00
  -1.2360000e+01   4.8580700e+02   2.5696090e+00
  -1.2380000e+01   4.8560000e+02   2.5728160e+00
  -1.2400000e+01   4.8539400e+02   2.5760250e+00
  -1.2430000e+01   4.8518800e+02   2.5760250e+00
  -1.2450000e+01   4.8498200e+02   2.5792360e+00
  -1.2470000e+01   4.8477600e+02   2.5824490e+00
  -1.2490000e+01   4.8457000e+02   2.5856640e+00
  -1.2520000e+01   4.8436400e+02   2.5888810e+00
  -1.2540000e+01   4.8415800e+02   2.5921000e+00
  -1.2560000e+01   4.8395200e+02   2.5921000e+00
  -1.2580000e+01   4.8374600e+02   2.5953210e+00
  -1.2600000e+01   4.8354100e+02   2.5985440e+00
  -1.2630000e+01   4.8333500e+02   2.6017690e+00
  -1.2650000e+01   4.8313000e+02   2.6049960e+00
  -1.2670000e+01   4.8292500e+02   2.6049960e+00
  -1.2690000e+01   4.8271900e+02   2.6082250e+00
  -1.2710000e+01   4.8251400e+02   2.6114560e+00
  -1.2740000e+01   4.8230900e+02   2.6146890e+00
  -1.2760000e+01   4.8210400e+02   2.6179240e+00
  -1.2780000e+01   4.8189900e+02   2.6211610e+00
  -1.2800000e+01   4.8169400e+02   2.6211610e+00
  -1.2830000e+01   4.8149000e+02   2.6244000e+00
  -1.2850000e+01   4.8128500e+02   2.6276410e+00
  -1.2870000e+01   4.8108100e+02   2.6308840e+00
  -1.2890000e+01   4.8087600e+02   2.6341290e+00
  -1.2910000e+01   4.8067200e+02   2.6341290e+00
  -1.2940000e+01   4.8046800e+02   2.6373760e+00
  -1.2960000e+01   4.8026300e+02   2.6406250e+00
  -1.2980000e+01   4.8005900e+02   2.6438760e+00
  -1.3000000e+01   4.7985500e+02   2.6471290e+00
  -1.3030000e+01   4.7965100e+02   2.6471290e+00
  -1.3050000e+01   4.7944800e+02   2.6503840e+00
  -1.3070000e+01   4.7924400e+02   2.6536410e+00
  -1.3090000e+01   4.7904000e+02   2.6569000e+00
  -1.3110000e+01   4.7883700e+02   2.6601610e+00
  -1.3140000e+01   4.7863300e+02   2.6634240e+00
  -1.3160000e+01   4.7843000e+02   2.6634240e+00
  -1.3180000e+01   4.7822600e+02   2.6666890e+00
  -1.3200000e+01   4.7802300e+02   2.6699560e+00
  -1.3220000e+01   4.7782000e+02   2.6732250e+00
  -1.3250000e+01   4.7761700e+02   2.6764960e+00
  -1.3270000e+01   4.7741400e+02   2.6764960e+00
  -1.3290000e+01   4.7721100e+02   2.6797690e+00
  -1.3310000e+01   4.7700800e+02   2.6830440e+00
  -1.3340000e+01   4.7680600e+02   2.6863210e+00
  -1.3360000e+01   4.7660300e+02   2.6896000e+00
  -1.3380000e+01   4.7640000e+02   2.6928810e+00
  -1.3400000e+01   4.7619800e+02   2.6928810e+00
  -1.3420000e+01   4.7599600e+02   2.6961640e+00
  -1.3450000e+01   4.7579300e+02   2.6994490e+00
  -1.3470000e+01   4.7559100e+02   2.7027360e+00
  -1.3490000e+01   4.7538900e+02   2.7060250e+00
  -1.3510000e+01   4.7518700e+02   2.7060250e+00
  -1.3540000e+01   4.7498500e+02   2.7093160e+00
  -1.3560000e+01   4.7478300e+02   2.7126090e+00
  -1.3580000e+01   4.7458100e+02   2.7159040e+00
  -1.3600000e+01   4.7438000e+02   2.7192010e+00
  -1.3620000e+01   4.7417800e+02   2.7225000e+00
  -1.3650000e+01   4.7397700e+02   2.7225000e+00
  -1.3670000e+01   4.7377500e+02   2.7258010e+00
  -1.3690000e+01   4.7357400e+02   2.7291040e+00
  -1.3710000e+01   4.7337300e+02   2.7324090e+00
  -1.3730000e+01   4.7317100e+02   2.7357160e+00
  -1.3760000e+01   4.7297000e+02   2.7357160e+00
  -1.3780000e+01   4.7276900e+02   2.7390250e+00
  -1.3800000e+01   4.7256800e+02   2.7423360e+00
  -1.3820000e+01   4.7236800e+02   2.7456490e+00
  -1.3850000e+01   4.7216700e+02   2.7489640e+00
  -1.3870000e+01   4.7196600e+02   2.7522810e+00
  -1.3890000e+01   4.7176600e+02   2.7522810e+00
  -1.3910000e+01   4.7156500e+02   2.7556000e+00
  -1.3930000e+01   4.7136500e+02   2.7589210e+00
  -1.3960000e+01   4.7116400e+02   2.7622440e+00
  -1.3980000e+01   4.7096400e+02   2.7655690e+00
  -1.4000000e+01   4.7076400e+02   2.7655690e+00
  -1.4020000e+01   4.7056400e+02   2.7688960e+00
  -1.4050000e+01   4.7036400e+02   2.7722250e+00
  -1.4070000e+01   4.7016400e+02   2.7755560e+00
  -1.4090000e+01   4.6996400e+02   2.7788890e+00
  -1.4110000e+01   4.6976500e+02   2.7822240e+00
  -1.4130000e+01   4.6956500e+02   2.7822240e+00
  -1.4160000e+01   4.6936500e+02   2.7855610e+00
  -1.4180000e+01   4.6916600e+02   2.7889000e+00
  -1.4200000e+01   4.6896700e+02   2.7922410e+00
  -1.4220000e+01   4.6876700e+02   2.7955840e+00
  -1.4240000e+01   4.6856800e+02   2.7955840e+00
  -1.4270000e+01   4.6836900e+02   2.7989290e+00
  -1.4290000e+01   4.6817000e+02   2.8022760e+00
  -1.4310000e+01   4.6797100e+02   2.8056250e+00
  -1.4330000e+01   4.6777200e+02   2.8089760e+00
  -1.4360000e+01   4.6757300e+02   2.8123290e+00
  -1.4380000e+01   4.6737500e+02   2.8123290e+00
  -1.4400000e+01   4.6717600e+02   2.8156840e+00
  -1.4420000e+01   4.6697700e+02   2.8190410e+00
  -1.4440000e+01   4.6677900e+02   2.8224000e+00
  -1.4470000e+01   4.6658100e+02   2.8257610e+00
  -1.4490000e+01   4.6638200e+02   2.8257610e+00
  -1.4510000e+01   4.6618400e+02   2.8291240e+00
